0.000000000000000e+000	2.267234e-002	-1.100876e-006
3.806344606211401e-007	2.259067e-002	-1.100876e-006
7.612689212422802e-007	2.240872e-002	-1.100877e-006
1.141903381863420e-006	2.212651e-002	-1.100877e-006
1.522537842484560e-006	2.174403e-002	-1.100877e-006
1.903172303105701e-006	2.126128e-002	-1.100877e-006
2.283806763726840e-006	2.067826e-002	-1.100877e-006
2.664441224347980e-006	1.999497e-002	-1.100877e-006
3.896032635584828e-006	1.761072e-002	-1.100877e-006
5.575466508703116e-006	1.366074e-002	-1.100878e-006
7.285128532202357e-006	9.139730e-003	-1.100879e-006
9.618078903792701e-006	2.505893e-003	-1.100881e-006
1.190340945321542e-005	-4.256667e-003	-1.100882e-006
1.512095982837133e-005	-1.399251e-002	-1.100884e-006
2.625433609496552e-004	-7.728312e-001	-1.101041e-006
3.546055428279584e-004	-1.054891e+000	-1.101100e-006
4.466677247062616e-004	-1.335436e+000	-1.101160e-006
5.387299065845647e-004	-1.614468e+000	-1.101220e-006
6.307920884628679e-004	-1.891985e+000	-1.101280e-006
7.228542703411711e-004	-2.167988e+000	-1.101341e-006
8.149164522194744e-004	-2.442478e+000	-1.101401e-006
9.069786340977773e-004	-2.715453e+000	-1.101463e-006
9.558067590977774e-004	-2.859062e+000	-1.101495e-006
1.053463009097777e-003	-3.144212e+000	-1.101560e-006
1.102291134097777e-003	-3.285685e+000	-1.101593e-006
1.151119259097777e-003	-3.426380e+000	-1.101625e-006
1.234239071835076e-003	-3.664189e+000	-1.101680e-006
1.359938782577928e-003	-4.020053e+000	-1.101764e-006
1.485638493320781e-003	-4.368272e+000	-1.101847e-006
1.611338204063634e-003	-4.708844e+000	-1.101929e-006
1.737037914806487e-003	-5.041771e+000	-1.102010e-006
1.862737625549339e-003	-5.367053e+000	-1.102090e-006
1.988437336292192e-003	-5.684688e+000	-1.102170e-006
2.114137047035045e-003	-5.994678e+000	-1.102248e-006
2.169707145674913e-003	-6.128419e+000	-1.102282e-006
2.225277244314782e-003	-6.260155e+000	-1.102315e-006
2.280847342954651e-003	-6.389887e+000	-1.102348e-006
2.336417441594519e-003	-6.517614e+000	-1.102381e-006
2.391987540234388e-003	-6.643337e+000	-1.102414e-006
2.447557638874257e-003	-6.767055e+000	-1.102446e-006
2.503127737514125e-003	-6.888770e+000	-1.102477e-006
2.551955862514125e-003	-6.993977e+000	-1.102505e-006
2.600783987514125e-003	-7.097533e+000	-1.102532e-006
2.698440237514125e-003	-7.299868e+000	-1.102585e-006
2.744692015127346e-003	-7.393152e+000	-1.102609e-006
2.790943792740567e-003	-7.484843e+000	-1.102634e-006
2.837195570353788e-003	-7.574942e+000	-1.102658e-006
2.883447347967009e-003	-7.663448e+000	-1.102681e-006
2.929699125580231e-003	-7.750361e+000	-1.102704e-006
2.975950903193452e-003	-7.835681e+000	-1.102727e-006
3.022202680806673e-003	-7.919409e+000	-1.102749e-006
3.052217298724168e-003	-7.973036e+000	-1.102763e-006
3.058813377036686e-003	-7.984659e+000	-1.102767e-006
3.072005533661724e-003	-8.007814e+000	-1.102773e-006
3.084519896356674e-003	-8.029693e+000	-1.102779e-006
3.091164860315509e-003	-8.041244e+000	-1.102782e-006
3.091706095528161e-003	-8.042183e+000	-1.102782e-006
3.092247330740812e-003	-8.043122e+000	-1.102782e-006
3.092788565953464e-003	-8.044061e+000	-1.102783e-006
3.093329801166116e-003	-8.045000e+000	-1.102783e-006
3.093871036378767e-003	-8.045939e+000	-1.102783e-006
3.094412271591419e-003	-8.046877e+000	-1.102783e-006
3.094953506804071e-003	-8.047814e+000	-1.102784e-006
3.095421321593640e-003	-8.048625e+000	-1.102784e-006
3.095843715623992e-003	-8.049356e+000	-1.102784e-006
3.096286143326306e-003	-8.050123e+000	-1.102784e-006
3.096736295982173e-003	-8.050902e+000	-1.102784e-006
3.097256414362294e-003	-8.051803e+000	-1.102785e-006
3.097582640943121e-003	-8.052367e+000	-1.102785e-006
3.098760961598970e-003	-8.054406e+000	-1.102785e-006
3.099939282254819e-003	-8.056444e+000	-1.102786e-006
3.101117602910669e-003	-8.058480e+000	-1.102786e-006
3.102295923566518e-003	-8.060515e+000	-1.102787e-006
3.103474244222367e-003	-8.062549e+000	-1.102787e-006
3.104652564878216e-003	-8.064581e+000	-1.102788e-006
3.105830885534065e-003	-8.066612e+000	-1.102789e-006
3.129509151151532e-003	-8.107210e+000	-1.102799e-006
3.131140294204118e-003	-8.109991e+000	-1.102800e-006
3.132213816702213e-003	-8.111820e+000	-1.102801e-006
3.132869116094982e-003	-8.112936e+000	-1.102801e-006
3.133475696979835e-003	-8.113969e+000	-1.102801e-006
3.133713198873057e-003	-8.114372e+000	-1.102801e-006
3.133950759567910e-003	-8.114777e+000	-1.102801e-006
3.134158701028682e-003	-8.115130e+000	-1.102802e-006
3.134420112385064e-003	-8.115575e+000	-1.102802e-006
3.134665409915421e-003	-8.115993e+000	-1.102802e-006
3.134954220629823e-003	-8.116484e+000	-1.102802e-006
3.135256685198349e-003	-8.116998e+000	-1.102802e-006
3.135771913502208e-003	-8.117874e+000	-1.102802e-006
3.136583635227753e-003	-8.119254e+000	-1.102803e-006
3.137673584506803e-003	-8.121105e+000	-1.102803e-006
3.139326353172463e-003	-8.123911e+000	-1.102804e-006
3.142073285645025e-003	-8.128568e+000	-1.102805e-006
3.146964481601716e-003	-8.136843e+000	-1.102807e-006
3.156085392656300e-003	-8.152231e+000	-1.102811e-006
3.161645336706195e-003	-8.161585e+000	-1.102814e-006
3.165940772511739e-003	-8.168795e+000	-1.102816e-006
3.166296777587224e-003	-8.169392e+000	-1.102816e-006
3.188676114051146e-003	-8.206685e+000	-1.102826e-006
3.211055450515068e-003	-8.243551e+000	-1.102836e-006
3.233434786978991e-003	-8.279987e+000	-1.102846e-006
3.255814123442914e-003	-8.315996e+000	-1.102856e-006
3.278193459906836e-003	-8.351576e+000	-1.102865e-006
3.300572796370758e-003	-8.386727e+000	-1.102875e-006
3.322952132834681e-003	-8.421451e+000	-1.102884e-006
3.469436507834680e-003	-8.638880e+000	-1.102943e-006
3.615920882834680e-003	-8.838085e+000	-1.102997e-006
3.712817581190749e-003	-8.959854e+000	-1.103030e-006
3.809714279546818e-003	-9.073058e+000	-1.103061e-006
3.906610977902887e-003	-9.177698e+000	-1.103090e-006
4.003507676258955e-003	-9.273772e+000	-1.103116e-006
4.100404374615024e-003	-9.361282e+000	-1.103140e-006
4.197301072971093e-003	-9.440227e+000	-1.103162e-006
4.294197771327162e-003	-9.510608e+000	-1.103181e-006
4.336612488593801e-003	-9.538306e+000	-1.103189e-006
4.385440613593801e-003	-9.568275e+000	-1.103197e-006
4.434268738593801e-003	-9.596063e+000	-1.103205e-006
4.483096863593800e-003	-9.621586e+000	-1.103212e-006
4.531924988593800e-003	-9.644840e+000	-1.103218e-006
4.580753113593800e-003	-9.665819e+000	-1.103224e-006
4.629581238593800e-003	-9.684518e+000	-1.103229e-006
4.678409363593800e-003	-9.701163e+000	-1.103234e-006
4.707662762822458e-003	-9.710135e+000	-1.103236e-006
4.741236145095892e-003	-9.719173e+000	-1.103239e-006
4.761739855206447e-003	-9.724125e+000	-1.103240e-006
4.784109536363309e-003	-9.729005e+000	-1.103242e-006
4.820377501563528e-003	-9.735800e+000	-1.103243e-006
4.869205626563528e-003	-9.743110e+000	-1.103245e-006
4.918033751563528e-003	-9.748270e+000	-1.103247e-006
4.966861876563528e-003	-9.751130e+000	-1.103248e-006
5.015690001563528e-003	-9.751692e+000	-1.103248e-006
5.064518126563528e-003	-9.749952e+000	-1.103247e-006
5.113346251563527e-003	-9.745914e+000	-1.103246e-006
5.162174376563527e-003	-9.739690e+000	-1.103244e-006
5.201432774815731e-003	-9.733227e+000	-1.103243e-006
5.235576719229674e-003	-9.726216e+000	-1.103241e-006
5.275781015773292e-003	-9.716375e+000	-1.103238e-006
5.306908956998737e-003	-9.707512e+000	-1.103235e-006
5.355737081998737e-003	-9.691875e+000	-1.103231e-006
5.404565206998737e-003	-9.674160e+000	-1.103226e-006
5.453393331998737e-003	-9.654163e+000	-1.103221e-006
5.502221456998736e-003	-9.631889e+000	-1.103215e-006
5.551049581998736e-003	-9.607344e+000	-1.103208e-006
5.599877706998736e-003	-9.580532e+000	-1.103200e-006
5.648705831998736e-003	-9.551461e+000	-1.103193e-006
5.697533956998736e-003	-9.520489e+000	-1.103184e-006
5.748478077455355e-003	-9.485559e+000	-1.103174e-006
5.788491234708430e-003	-9.456143e+000	-1.103166e-006
5.827440917234735e-003	-9.425999e+000	-1.103158e-006
5.876269042234735e-003	-9.386383e+000	-1.103147e-006
5.925097167234735e-003	-9.344665e+000	-1.103136e-006
5.973925292234734e-003	-9.300743e+000	-1.103124e-006
6.022753417234734e-003	-9.254627e+000	-1.103111e-006
6.120409667234734e-003	-9.155858e+000	-1.103084e-006
6.220695706293190e-003	-9.045909e+000	-1.103054e-006
6.377991575656552e-003	-8.853016e+000	-1.103001e-006
6.535287445019915e-003	-8.639925e+000	-1.102943e-006
6.692583314383278e-003	-8.406636e+000	-1.102880e-006
6.849879183746641e-003	-8.153148e+000	-1.102812e-006
7.007175053110003e-003	-7.879461e+000	-1.102739e-006
7.164470922473366e-003	-7.585576e+000	-1.102660e-006
7.321766791836729e-003	-7.271493e+000	-1.102577e-006
7.370594916836728e-003	-7.170722e+000	-1.102551e-006
7.419423041836728e-003	-7.068365e+000	-1.102524e-006
7.468251166836728e-003	-6.964339e+000	-1.102497e-006
7.517079291836728e-003	-6.858669e+000	-1.102469e-006
7.565907416836728e-003	-6.751380e+000	-1.102442e-006
7.614735541836728e-003	-6.642498e+000	-1.102413e-006
7.719051455467907e-003	-6.404992e+000	-1.102352e-006
7.800458904996550e-003	-6.214099e+000	-1.102303e-006
7.881866354525193e-003	-6.019495e+000	-1.102254e-006
7.963273804053836e-003	-5.821180e+000	-1.102204e-006
8.044681253582479e-003	-5.619154e+000	-1.102153e-006
8.126088703111123e-003	-5.413418e+000	-1.102102e-006
8.207496152639765e-003	-5.203970e+000	-1.102050e-006
8.288903602168409e-003	-4.990811e+000	-1.101998e-006
8.328104761646251e-003	-4.886977e+000	-1.101972e-006
8.425761011646252e-003	-4.625349e+000	-1.101909e-006
8.572245386646254e-003	-4.224869e+000	-1.101813e-006
8.614255032553621e-003	-4.108342e+000	-1.101785e-006
8.656264678460987e-003	-3.991123e+000	-1.101757e-006
8.698274324368354e-003	-3.873211e+000	-1.101729e-006
8.740283970275721e-003	-3.754606e+000	-1.101701e-006
8.782293616183087e-003	-3.635309e+000	-1.101673e-006
8.824303262090454e-003	-3.515319e+000	-1.101646e-006
8.866312907997821e-003	-3.394636e+000	-1.101618e-006
8.915141032997821e-003	-3.253766e+000	-1.101585e-006
9.012797282997823e-003	-2.969745e+000	-1.101520e-006
9.044477025264466e-003	-2.876960e+000	-1.101499e-006
9.076156767531110e-003	-2.783919e+000	-1.101478e-006
9.107836509797754e-003	-2.690623e+000	-1.101457e-006
9.139516252064399e-003	-2.597071e+000	-1.101436e-006
9.171195994331043e-003	-2.503262e+000	-1.101415e-006
9.202875736597687e-003	-2.409198e+000	-1.101394e-006
9.234555478864330e-003	-2.314878e+000	-1.101373e-006
9.250171251500601e-003	-2.268293e+000	-1.101362e-006
9.262011381273435e-003	-2.232936e+000	-1.101355e-006
9.270069269220220e-003	-2.208857e+000	-1.101349e-006
9.275604071048115e-003	-2.192305e+000	-1.101346e-006
9.278046635154772e-003	-2.184999e+000	-1.101344e-006
9.278854502823616e-003	-2.182582e+000	-1.101344e-006
9.279421136222205e-003	-2.180887e+000	-1.101343e-006
9.279900373414944e-003	-2.179453e+000	-1.101343e-006
9.280324276554210e-003	-2.178185e+000	-1.101343e-006
9.280776065386905e-003	-2.176833e+000	-1.101342e-006
9.281237559704860e-003	-2.175452e+000	-1.101342e-006
9.281843259103762e-003	-2.173640e+000	-1.101342e-006
9.282228444236242e-003	-2.172487e+000	-1.101341e-006
9.283956806844577e-003	-2.167315e+000	-1.101340e-006
9.285685169452912e-003	-2.162142e+000	-1.101339e-006
9.287413532061247e-003	-2.156968e+000	-1.101338e-006
9.289141894669584e-003	-2.151794e+000	-1.101337e-006
9.290870257277919e-003	-2.146619e+000	-1.101336e-006
9.292598619886254e-003	-2.141443e+000	-1.101335e-006
9.294326982494590e-003	-2.136267e+000	-1.101333e-006
9.299380892945432e-003	-2.121127e+000	-1.101330e-006
9.306125571993118e-003	-2.100915e+000	-1.101326e-006
9.308012058543227e-003	-2.095260e+000	-1.101324e-006
9.309914725610416e-003	-2.089556e+000	-1.101323e-006
9.310465147381118e-003	-2.087906e+000	-1.101323e-006
9.310990615559326e-003	-2.086330e+000	-1.101322e-006
9.311229083009487e-003	-2.085615e+000	-1.101322e-006
9.311487337368158e-003	-2.084841e+000	-1.101322e-006
9.311798885208536e-003	-2.083907e+000	-1.101322e-006
9.312118472544291e-003	-2.082948e+000	-1.101322e-006
9.312354112202059e-003	-2.082242e+000	-1.101322e-006
9.312617075837594e-003	-2.081453e+000	-1.101321e-006
9.313051722616943e-003	-2.080150e+000	-1.101321e-006
9.313921016175640e-003	-2.077543e+000	-1.101321e-006
9.315659603293036e-003	-2.072328e+000	-1.101319e-006
9.317398763026702e-003	-2.067111e+000	-1.101318e-006
9.323637662431800e-003	-2.048389e+000	-1.101314e-006
9.331956194971930e-003	-2.023412e+000	-1.101309e-006
9.348593260052190e-003	-1.973428e+000	-1.101298e-006
9.354478390089948e-003	-1.955738e+000	-1.101294e-006
9.355258433398241e-003	-1.953392e+000	-1.101293e-006
9.356818520014828e-003	-1.948699e+000	-1.101292e-006
9.437471629495818e-003	-1.705046e+000	-1.101239e-006
9.518124738976806e-003	-1.460698e+000	-1.101186e-006
9.598777848457796e-003	-1.215657e+000	-1.101134e-006
9.679430957938785e-003	-9.699208e-001	-1.101082e-006
9.760084067419775e-003	-7.234908e-001	-1.101030e-006
9.840737176900764e-003	-4.763667e-001	-1.100979e-006
9.921390286381754e-003	-2.285485e-001	-1.100928e-006
9.966442536451200e-003	-9.016312e-002	-1.100899e-006
1.001149478652065e-002	4.817801e-002	-1.100871e-006
1.005654703659009e-002	1.864749e-001	-1.100843e-006
1.010159928665954e-002	3.247276e-001	-1.100815e-006
1.014665153672898e-002	4.629360e-001	-1.100788e-006
1.019170378679843e-002	6.011002e-001	-1.100760e-006
1.023675603686787e-002	7.392202e-001	-1.100733e-006
1.033531845921538e-002	1.041498e+000	-1.100673e-006
1.043388088156288e-002	1.342046e+000	-1.100615e-006
1.053244330391038e-002	1.640866e+000	-1.100557e-006
1.063100572625789e-002	1.937957e+000	-1.100501e-006
1.072956814860539e-002	2.233319e+000	-1.100445e-006
1.082813057095289e-002	2.526952e+000	-1.100391e-006
1.092669299330040e-002	2.818856e+000	-1.100337e-006
1.097552111830040e-002	2.962195e+000	-1.100311e-006
1.107317736830040e-002	3.246765e+000	-1.100259e-006
1.112200549330040e-002	3.387928e+000	-1.100233e-006
1.123883829933285e-002	3.723611e+000	-1.100174e-006
1.135567110536530e-002	4.053186e+000	-1.100115e-006
1.147250391139775e-002	4.376651e+000	-1.100059e-006
1.158933671743020e-002	4.694008e+000	-1.100004e-006
1.170616952346265e-002	5.005255e+000	-1.099950e-006
1.182300232949510e-002	5.310394e+000	-1.099899e-006
1.193983513552755e-002	5.609424e+000	-1.099849e-006
1.203749138552755e-002	5.852822e+000	-1.099808e-006
1.213514763552756e-002	6.090734e+000	-1.099769e-006
1.218397576052756e-002	6.207733e+000	-1.099750e-006
1.220975938791743e-002	6.268974e+000	-1.099740e-006
1.224315747409070e-002	6.347525e+000	-1.099727e-006
1.228527343051509e-002	6.445500e+000	-1.099711e-006
1.237108351130302e-002	6.641531e+000	-1.099679e-006
1.246873976130303e-002	6.859042e+000	-1.099644e-006
1.261522413630303e-002	7.173182e+000	-1.099594e-006
1.267081659634232e-002	7.288662e+000	-1.099585e-006
1.272640905638161e-002	7.401810e+000	-1.099569e-006
1.278200151642091e-002	7.512626e+000	-1.099547e-006
1.283759397646020e-002	7.621110e+000	-1.099519e-006
1.289318643649949e-002	7.727262e+000	-1.099485e-006
1.294877889653879e-002	7.831081e+000	-1.099445e-006
1.300437135657808e-002	7.932569e+000	-1.099398e-006
1.305003876737862e-002	8.014526e+000	-1.099159e-006
1.305863226251564e-002	8.029675e+000	-1.098939e-006
1.307377510638882e-002	8.056253e+000	-1.098198e-006
1.308575761279205e-002	8.077195e+000	-1.097133e-006
1.309208044740438e-002	8.088186e+000	-1.095412e-006
1.309386787939106e-002	8.091291e+000	-1.094282e-006
1.309507382262528e-002	8.093390e+000	-1.092780e-006
1.309552882688142e-002	8.094186e+000	-1.091789e-006
1.309594220185910e-002	8.094912e+000	-1.090427e-006
1.309637429383472e-002	8.095677e+000	-1.088163e-006
1.309682122064654e-002	8.096482e+000	-1.084274e-006
1.309731774549522e-002	8.097396e+000	-1.077542e-006
1.309767894359503e-002	8.098077e+000	-1.070575e-006
1.309847151855421e-002	8.099609e+000	-1.049218e-006
1.311496211242062e-002	8.128852e+000	-5.147019e-007
1.312285744503111e-002	8.142435e+000	1.045096e-001
1.313397445778294e-002	8.161490e+000	6.296557e-001
1.313547032267707e-002	8.164031e+000	8.735403e-001
1.313684162566672e-002	8.166351e+000	1.247987e+000
1.313792364587235e-002	8.168195e+000	1.566027e+000
1.313907850197908e-002	8.170169e+000	1.915645e+000
1.314138821419255e-002	8.174118e+000	2.626248e+000
1.314600763861948e-002	8.182001e+000	4.063237e+000
1.315402508329578e-002	8.195649e+000	6.574249e+000
1.316068687331326e-002	8.206905e+000	8.611111e+000
1.316528283190683e-002	8.214536e+000	9.908199e+000
1.316547547117529e-002	8.214823e+000	9.940182e+000
1.316586074971220e-002	8.215327e+000	9.954335e+000
1.331969464143413e-002	8.463800e+000	9.955720e+000
1.347352853315606e-002	8.691574e+000	9.956801e+000
1.362736242487798e-002	8.898647e+000	9.957579e+000
1.378119631659991e-002	9.085022e+000	9.958052e+000
1.393503020832184e-002	9.250696e+000	9.958222e+000
1.408886410004377e-002	9.395671e+000	9.958087e+000
1.424269799176569e-002	9.519946e+000	9.957649e+000
1.428499520481423e-002	9.549732e+000	9.957670e+000
1.432180658860039e-002	9.574158e+000	9.957692e+000
1.437063471360039e-002	9.604746e+000	9.957693e+000
1.441946283860039e-002	9.633219e+000	9.957689e+000
1.446829096360039e-002	9.659430e+000	9.957697e+000
1.451711908860039e-002	9.683372e+000	9.957705e+000
1.456594721360039e-002	9.705042e+000	9.957714e+000
1.461477533860039e-002	9.724433e+000	9.957722e+000
1.466360346360039e-002	9.741664e+000	9.957725e+000
1.470198979432268e-002	9.753802e+000	9.957715e+000
1.473607953885656e-002	9.763206e+000	9.957728e+000
1.477679152426265e-002	9.772825e+000	9.957745e+000
1.480854574552006e-002	9.779045e+000	9.957760e+000
1.485737387052006e-002	9.786860e+000	9.957764e+000
1.490620199552006e-002	9.792577e+000	9.957747e+000
1.495503012052006e-002	9.795996e+000	9.957739e+000
1.500385824552006e-002	9.797113e+000	9.957740e+000
1.505268637052006e-002	9.795933e+000	9.957739e+000
1.510151449552006e-002	9.792451e+000	9.957737e+000
1.515034262052006e-002	9.786671e+000	9.957734e+000
1.519917074552006e-002	9.778958e+000	9.957725e+000
1.523354157132072e-002	9.772042e+000	9.957720e+000
1.526472009026575e-002	9.764624e+000	9.957723e+000
1.528895581518878e-002	9.758096e+000	9.957732e+000
1.532818880454759e-002	9.746324e+000	9.957729e+000
1.537701692954759e-002	9.729786e+000	9.957713e+000
1.542584505454759e-002	9.711076e+000	9.957697e+000
1.547467317954759e-002	9.690086e+000	9.957685e+000
1.552350130454759e-002	9.666821e+000	9.957675e+000
1.557232942954759e-002	9.641288e+000	9.957664e+000
1.562115755454759e-002	9.613491e+000	9.957653e+000
1.566998567954759e-002	9.583603e+000	9.957637e+000
1.572091119216600e-002	9.550190e+000	9.957617e+000
1.578233582121408e-002	9.506135e+000	9.957609e+000
1.581751352670819e-002	9.479156e+000	9.957603e+000
1.586634165170819e-002	9.439947e+000	9.957584e+000
1.591516977670819e-002	9.398680e+000	9.957561e+000
1.596399790170819e-002	9.355206e+000	9.957540e+000
1.601282602670819e-002	9.309535e+000	9.957520e+000
1.611048227670819e-002	9.211651e+000	9.957479e+000
1.621780681628754e-002	9.094571e+000	9.957423e+000
1.639458396260626e-002	8.876226e+000	9.957334e+000
1.657136110892498e-002	8.632711e+000	9.957234e+000
1.674813825524369e-002	8.364026e+000	9.957122e+000
1.692491540156241e-002	8.070171e+000	9.957000e+000
1.710169254788113e-002	7.751146e+000	9.956867e+000
1.727846969419985e-002	7.406951e+000	9.956723e+000
1.745524684051857e-002	7.037586e+000	9.956568e+000
1.755290309051857e-002	6.825494e+000	9.956479e+000
1.765055934051857e-002	6.607000e+000	9.956389e+000
1.773373607580220e-002	6.416342e+000	9.956307e+000
1.776487304847558e-002	6.343694e+000	9.956281e+000
1.778920446483099e-002	6.286426e+000	9.956259e+000
1.782858899909126e-002	6.192955e+000	9.956222e+000
1.787741712409126e-002	6.075877e+000	9.956170e+000
1.797507337409126e-002	5.837617e+000	9.956068e+000
1.812155774909127e-002	5.470037e+000	9.955916e+000
1.816352187018091e-002	5.362636e+000	9.955871e+000
1.820548599127055e-002	5.254317e+000	9.955826e+000
1.824745011236019e-002	5.145082e+000	9.955781e+000
1.828941423344983e-002	5.034929e+000	9.955735e+000
1.833137835453947e-002	4.923858e+000	9.955689e+000
1.837334247562911e-002	4.811871e+000	9.955643e+000
1.841530659671875e-002	4.698966e+000	9.955597e+000
1.851296284671875e-002	4.433475e+000	9.955486e+000
1.857388654002867e-002	4.265630e+000	9.955417e+000
1.863481023333858e-002	4.096366e+000	9.955347e+000
1.869573392664849e-002	3.925685e+000	9.955276e+000
1.875665761995840e-002	3.753586e+000	9.955204e+000
1.881758131326832e-002	3.580069e+000	9.955132e+000
1.887850500657823e-002	3.405133e+000	9.955060e+000
1.893942869988814e-002	3.228780e+000	9.954987e+000
1.903708494988814e-002	2.944026e+000	9.954869e+000
1.906389936649276e-002	2.865324e+000	9.954909e+000
1.909071378309737e-002	2.786443e+000	9.954905e+000
1.911752819970198e-002	2.707382e+000	9.954857e+000
1.914434261630659e-002	2.628142e+000	9.954766e+000
1.917115703291121e-002	2.548723e+000	9.954631e+000
1.919797144951582e-002	2.469125e+000	9.954452e+000
1.922478586612043e-002	2.389347e+000	9.954230e+000
1.924301737451947e-002	2.334988e+000	9.952827e+000
1.925655099479654e-002	2.294592e+000	9.949725e+000
1.926473145861619e-002	2.270152e+000	9.944811e+000
1.927162521409877e-002	2.249542e+000	9.936818e+000
1.927662809625570e-002	2.234570e+000	9.921185e+000
1.927836896319684e-002	2.229349e+000	9.907943e+000
1.927909023806351e-002	2.227181e+000	9.898745e+000
1.927962053631231e-002	2.225582e+000	9.888406e+000
1.928006016121821e-002	2.224249e+000	9.874940e+000
1.928051195575560e-002	2.222866e+000	9.852540e+000
1.928095697319632e-002	2.221479e+000	9.815304e+000
1.928146240155645e-002	2.219866e+000	9.748834e+000
1.928182621848011e-002	2.218676e+000	9.680532e+000
1.928325204635292e-002	2.213885e+000	9.281790e+000
1.928657781252114e-002	2.203392e+000	8.232704e+000
1.928990357868935e-002	2.192999e+000	7.186417e+000
1.929322934485757e-002	2.182707e+000	6.142928e+000
1.929655511102579e-002	2.172516e+000	5.102236e+000
1.929988087719400e-002	2.162425e+000	4.064342e+000
1.930320664336222e-002	2.152436e+000	3.029246e+000
1.930653240953043e-002	2.142547e+000	1.996948e+000
1.930832088567039e-002	2.137157e+000	1.454520e+000
1.930997894065622e-002	2.132176e+000	9.693053e-001
1.931050132391887e-002	2.130612e+000	8.248469e-001
1.931099801141585e-002	2.129130e+000	6.967300e-001
1.931123788290031e-002	2.128412e+000	6.391454e-001
1.931149207973290e-002	2.127647e+000	5.821735e-001
1.931184336504081e-002	2.126580e+000	5.017477e-001
1.931211598146259e-002	2.125747e+000	4.304489e-001
1.931235654589926e-002	2.125010e+000	3.602974e-001
1.931262111198221e-002	2.124201e+000	2.821027e-001
1.931310049336661e-002	2.122738e+000	1.653953e-001
1.931405925613541e-002	2.119819e+000	4.579437e-002
1.931574561682296e-002	2.114700e+000	6.136450e-005
1.931787225570894e-002	2.108267e+000	-9.804302e-008
1.933319718501603e-002	2.062287e+000	-5.897238e-007
1.934635110874066e-002	2.023445e+000	-9.811578e-007
1.935205908864617e-002	2.007234e+000	-1.095163e-006
1.935290794146509e-002	2.004891e+000	-1.100581e-006
1.943432864516954e-002	1.759367e+000	-1.100587e-006
1.951574934887399e-002	1.513042e+000	-1.100603e-006
1.959717005257844e-002	1.265916e+000	-1.100628e-006
1.967859075628289e-002	1.017989e+000	-1.100663e-006
1.976001145998734e-002	7.692619e-001	-1.100708e-006
1.984143216369179e-002	5.197337e-001	-1.100762e-006
1.992285286739624e-002	2.694047e-001	-1.100827e-006
1.996776933865228e-002	1.314349e-001	-1.100855e-006
2.001268580990831e-002	-6.490346e-003	-1.100883e-006
2.005760228116435e-002	-1.443709e-001	-1.100911e-006
2.010251875242038e-002	-2.822069e-001	-1.100939e-006
2.014743522367642e-002	-4.199982e-001	-1.100967e-006
2.019235169493245e-002	-5.577450e-001	-1.100996e-006
2.023726816618849e-002	-6.954471e-001	-1.101025e-006
2.033713459896561e-002	-1.001729e+000	-1.101089e-006
2.043700103174273e-002	-1.306223e+000	-1.101154e-006
2.053686746451986e-002	-1.608929e+000	-1.101219e-006
2.063673389729698e-002	-1.909846e+000	-1.101284e-006
2.073660033007410e-002	-2.208975e+000	-1.101350e-006
2.083646676285123e-002	-2.506315e+000	-1.101416e-006
2.093633319562835e-002	-2.801867e+000	-1.101482e-006
2.098516132062835e-002	-2.945073e+000	-1.101515e-006
2.108281757062835e-002	-3.229354e+000	-1.101580e-006
2.113164569562835e-002	-3.370364e+000	-1.101612e-006
2.120844216403905e-002	-3.590688e+000	-1.101663e-006
2.132892886611486e-002	-3.933023e+000	-1.101744e-006
2.144941556819068e-002	-4.268489e+000	-1.101823e-006
2.156990227026649e-002	-4.597088e+000	-1.101902e-006
2.169038897234230e-002	-4.918819e+000	-1.101980e-006
2.181087567441811e-002	-5.233683e+000	-1.102057e-006
2.193136237649393e-002	-5.541679e+000	-1.102134e-006
2.205184907856974e-002	-5.842807e+000	-1.102210e-006
2.211904399216616e-002	-6.006809e+000	-1.102251e-006
2.218623890576258e-002	-6.167918e+000	-1.102292e-006
2.225343381935899e-002	-6.326136e+000	-1.102332e-006
2.232062873295541e-002	-6.481462e+000	-1.102372e-006
2.238782364655183e-002	-6.633896e+000	-1.102411e-006
2.245501856014825e-002	-6.783438e+000	-1.102450e-006
2.252221347374466e-002	-6.930088e+000	-1.102488e-006
2.257104159874467e-002	-7.034653e+000	-1.102515e-006
2.261986972374467e-002	-7.137557e+000	-1.102542e-006
2.272053996531645e-002	-7.344754e+000	-1.102597e-006
2.276223213482895e-002	-7.428156e+000	-1.102619e-006
2.280392430434144e-002	-7.510280e+000	-1.102640e-006
2.284561647385394e-002	-7.591125e+000	-1.102662e-006
2.288730864336644e-002	-7.670693e+000	-1.102683e-006
2.292900081287894e-002	-7.748983e+000	-1.102704e-006
2.297069298239143e-002	-7.825995e+000	-1.102724e-006
2.301238515190393e-002	-7.901729e+000	-1.102744e-006
2.305010151264974e-002	-7.969295e+000	-1.102764e-006
2.305793955025642e-002	-7.983112e+000	-1.102766e-006
2.307361562546977e-002	-8.010628e+000	-1.102774e-006
2.308577892048419e-002	-8.031884e+000	-1.102779e-006
2.309201334304342e-002	-8.042717e+000	-1.102782e-006
2.309376335675220e-002	-8.045752e+000	-1.102783e-006
2.309494573862813e-002	-8.047801e+000	-1.102784e-006
2.309539583284589e-002	-8.048581e+000	-1.102784e-006
2.309581313842921e-002	-8.049304e+000	-1.102784e-006
2.309624669828208e-002	-8.050055e+000	-1.102784e-006
2.309669627921723e-002	-8.050833e+000	-1.102784e-006
2.309720097624495e-002	-8.051706e+000	-1.102785e-006
2.309753763366214e-002	-8.052289e+000	-1.102785e-006
2.309900072900550e-002	-8.054821e+000	-1.102785e-006
2.312991433288820e-002	-8.107902e+000	-1.102800e-006
2.313133024268774e-002	-8.110315e+000	-1.102800e-006
2.313269599220018e-002	-8.112641e+000	-1.102801e-006
2.313311740133948e-002	-8.113358e+000	-1.102801e-006
2.313396021961809e-002	-8.114793e+000	-1.102801e-006
2.313416725017338e-002	-8.115145e+000	-1.102802e-006
2.313445202223455e-002	-8.115629e+000	-1.102802e-006
2.313476015043331e-002	-8.116154e+000	-1.102802e-006
2.313504726665931e-002	-8.116642e+000	-1.102802e-006
2.313537151310774e-002	-8.117193e+000	-1.102802e-006
2.313597285596946e-002	-8.118216e+000	-1.102802e-006
2.313685266875968e-002	-8.119711e+000	-1.102803e-006
2.313805632180354e-002	-8.121755e+000	-1.102803e-006
2.313993815423843e-002	-8.124949e+000	-1.102804e-006
2.314313115940101e-002	-8.130360e+000	-1.102806e-006
2.314889388139432e-002	-8.140100e+000	-1.102808e-006
2.315982427787378e-002	-8.158520e+000	-1.102813e-006
2.316487617669063e-002	-8.167011e+000	-1.102815e-006
2.316503239660557e-002	-8.167273e+000	-1.102815e-006
2.316534483643545e-002	-8.167797e+000	-1.102816e-006
2.316724487780486e-002	-8.170980e+000	-1.102816e-006
2.316914491917427e-002	-8.174159e+000	-1.102817e-006
2.317104496054369e-002	-8.177336e+000	-1.102818e-006
2.317294500191310e-002	-8.180510e+000	-1.102819e-006
2.317484504328251e-002	-8.183681e+000	-1.102820e-006
2.317674508465192e-002	-8.186850e+000	-1.102821e-006
2.317864512602133e-002	-8.190015e+000	-1.102822e-006
2.333199915486200e-002	-8.436710e+000	-1.102888e-006
2.348535318370267e-002	-8.662669e+000	-1.102949e-006
2.363870721254334e-002	-8.867893e+000	-1.103005e-006
2.379206124138401e-002	-9.052380e+000	-1.103055e-006
2.394541527022467e-002	-9.216132e+000	-1.103100e-006
2.409876929906534e-002	-9.359147e+000	-1.103139e-006
2.425212332790601e-002	-9.481427e+000	-1.103173e-006
2.429502857203110e-002	-9.511165e+000	-1.103181e-006
2.433794492170083e-002	-9.539150e+000	-1.103189e-006
2.438677304670083e-002	-9.569064e+000	-1.103197e-006
2.443560117170083e-002	-9.596789e+000	-1.103205e-006
2.448442929670083e-002	-9.622251e+000	-1.103212e-006
2.453325742170083e-002	-9.645443e+000	-1.103218e-006
2.458208554670083e-002	-9.666359e+000	-1.103224e-006
2.463091367170083e-002	-9.684997e+000	-1.103229e-006
2.467974179670083e-002	-9.701589e+000	-1.103234e-006
2.470816606150800e-002	-9.710282e+000	-1.103236e-006
2.474169663103960e-002	-9.719290e+000	-1.103239e-006
2.476191142520245e-002	-9.724165e+000	-1.103240e-006
2.478438860952117e-002	-9.729061e+000	-1.103242e-006
2.482082787718606e-002	-9.735877e+000	-1.103243e-006
2.486965600218606e-002	-9.743168e+000	-1.103245e-006
2.491848412718606e-002	-9.748306e+000	-1.103247e-006
2.496731225218606e-002	-9.751146e+000	-1.103248e-006
2.501614037718606e-002	-9.751686e+000	-1.103248e-006
2.506496850218606e-002	-9.749926e+000	-1.103247e-006
2.511379662718606e-002	-9.745866e+000	-1.103246e-006
2.516262475218606e-002	-9.739623e+000	-1.103244e-006
2.520160852680522e-002	-9.733194e+000	-1.103243e-006
2.523573529977222e-002	-9.726181e+000	-1.103241e-006
2.527609973094380e-002	-9.716290e+000	-1.103238e-006
2.530742527277022e-002	-9.707358e+000	-1.103235e-006
2.535625339777022e-002	-9.691700e+000	-1.103231e-006
2.540508152277022e-002	-9.673961e+000	-1.103226e-006
2.545390964777022e-002	-9.653939e+000	-1.103221e-006
2.550273777277022e-002	-9.631641e+000	-1.103215e-006
2.555156589777022e-002	-9.607072e+000	-1.103208e-006
2.560039402277022e-002	-9.580236e+000	-1.103200e-006
2.564922214777022e-002	-9.551142e+000	-1.103192e-006
2.569805027277022e-002	-9.520147e+000	-1.103184e-006
2.574932765399851e-002	-9.484955e+000	-1.103174e-006
2.578900460015556e-002	-9.455754e+000	-1.103166e-006
2.582826732724296e-002	-9.425345e+000	-1.103158e-006
2.587709545224296e-002	-9.385695e+000	-1.103147e-006
2.592592357724296e-002	-9.343940e+000	-1.103135e-006
2.597475170224296e-002	-9.299981e+000	-1.103123e-006
2.602357982724296e-002	-9.253828e+000	-1.103111e-006
2.612123607724297e-002	-9.154985e+000	-1.103084e-006
2.622093380106956e-002	-9.045636e+000	-1.103054e-006
2.637823184958949e-002	-8.852707e+000	-1.103001e-006
2.653552989810943e-002	-8.639580e+000	-1.102943e-006
2.669282794662936e-002	-8.406255e+000	-1.102880e-006
2.685012599514929e-002	-8.152731e+000	-1.102812e-006
2.700742404366922e-002	-7.879010e+000	-1.102739e-006
2.716472209218915e-002	-7.585091e+000	-1.102660e-006
2.732202014070909e-002	-7.270974e+000	-1.102577e-006
2.737084826570909e-002	-7.170196e+000	-1.102551e-006
2.741967639070909e-002	-7.067830e+000	-1.102524e-006
2.746850451570909e-002	-6.963795e+000	-1.102497e-006
2.751733264070909e-002	-6.858117e+000	-1.102469e-006
2.756616076570909e-002	-6.750819e+000	-1.102441e-006
2.761498889070909e-002	-6.641929e+000	-1.102413e-006
2.771912524838454e-002	-6.404821e+000	-1.102352e-006
2.780056964304322e-002	-6.213837e+000	-1.102303e-006
2.788201403770189e-002	-6.019138e+000	-1.102254e-006
2.796345843236057e-002	-5.820726e+000	-1.102204e-006
2.804490282701925e-002	-5.618599e+000	-1.102153e-006
2.812634722167792e-002	-5.412758e+000	-1.102102e-006
2.820779161633660e-002	-5.203203e+000	-1.102050e-006
2.828923601099528e-002	-4.989933e+000	-1.101997e-006
2.832863976750071e-002	-4.885555e+000	-1.101972e-006
2.842629601750071e-002	-4.623904e+000	-1.101908e-006
2.857278039250071e-002	-4.223389e+000	-1.101812e-006
2.861473973965416e-002	-4.106994e+000	-1.101784e-006
2.865669908680760e-002	-3.989907e+000	-1.101757e-006
2.869865843396105e-002	-3.872129e+000	-1.101729e-006
2.874061778111450e-002	-3.753661e+000	-1.101701e-006
2.878257712826795e-002	-3.634502e+000	-1.101673e-006
2.882453647542139e-002	-3.514651e+000	-1.101645e-006
2.886649582257484e-002	-3.394110e+000	-1.101617e-006
2.891532394757484e-002	-3.253236e+000	-1.101585e-006
2.901298019757484e-002	-2.969210e+000	-1.101520e-006
2.904464305465635e-002	-2.876473e+000	-1.101499e-006
2.907630591173787e-002	-2.783481e+000	-1.101478e-006
2.910796876881939e-002	-2.690233e+000	-1.101457e-006
2.913963162590091e-002	-2.596729e+000	-1.101436e-006
2.917129448298242e-002	-2.502970e+000	-1.101415e-006
2.920295734006394e-002	-2.408956e+000	-1.101394e-006
2.923462019714546e-002	-2.314686e+000	-1.101373e-006
2.925022076144742e-002	-2.268145e+000	-1.101362e-006
2.926201455928030e-002	-2.232926e+000	-1.101355e-006
2.927006817685813e-002	-2.208860e+000	-1.101349e-006
2.927556737934702e-002	-2.192415e+000	-1.101346e-006
2.927808440138602e-002	-2.184886e+000	-1.101344e-006
2.927894302360206e-002	-2.182317e+000	-1.101344e-006
2.927951918068249e-002	-2.180594e+000	-1.101343e-006
2.927998449968243e-002	-2.179202e+000	-1.101343e-006
2.928041947016100e-002	-2.177900e+000	-1.101343e-006
2.928087226514655e-002	-2.176545e+000	-1.101342e-006
2.928135198193484e-002	-2.175110e+000	-1.101342e-006
2.928180894939072e-002	-2.173743e+000	-1.101342e-006
2.928263576067532e-002	-2.171268e+000	-1.101341e-006
2.928585506205299e-002	-2.161633e+000	-1.101339e-006
2.928907436343065e-002	-2.151996e+000	-1.101337e-006
2.929229366480832e-002	-2.142356e+000	-1.101335e-006
2.929551296618598e-002	-2.132714e+000	-1.101333e-006
2.929873226756364e-002	-2.123071e+000	-1.101331e-006
2.930195156894131e-002	-2.113425e+000	-1.101328e-006
2.930517087031897e-002	-2.103777e+000	-1.101326e-006
2.930743664862626e-002	-2.096985e+000	-1.101325e-006
2.930949562502414e-002	-2.090813e+000	-1.101323e-006
2.931017673073247e-002	-2.088771e+000	-1.101323e-006
2.931082464838572e-002	-2.086828e+000	-1.101322e-006
2.931109926417147e-002	-2.086004e+000	-1.101322e-006
2.931136706574071e-002	-2.085202e+000	-1.101322e-006
2.931163058804876e-002	-2.084411e+000	-1.101322e-006
2.931194341419618e-002	-2.083473e+000	-1.101322e-006
2.931211435059563e-002	-2.082961e+000	-1.101322e-006
2.931236537065580e-002	-2.082208e+000	-1.101322e-006
2.931263719914405e-002	-2.081393e+000	-1.101321e-006
2.931318085612054e-002	-2.079762e+000	-1.101321e-006
2.931426817007353e-002	-2.076501e+000	-1.101320e-006
2.931584948853573e-002	-2.071758e+000	-1.101319e-006
2.933602873060048e-002	-2.011184e+000	-1.101306e-006
2.934369129711069e-002	-1.988165e+000	-1.101301e-006
2.934900979404056e-002	-1.972180e+000	-1.101297e-006
2.935250565231424e-002	-1.961670e+000	-1.101295e-006
2.942568628200806e-002	-1.740790e+000	-1.101247e-006
2.949886691170187e-002	-1.519282e+000	-1.101199e-006
2.957204754139568e-002	-1.297144e+000	-1.101151e-006
2.964522817108949e-002	-1.074378e+000	-1.101104e-006
2.971840880078331e-002	-8.509830e-001	-1.101057e-006
2.979158943047712e-002	-6.269590e-001	-1.101010e-006
2.986477006017093e-002	-4.023060e-001	-1.100964e-006
2.996242631017093e-002	-1.025630e-001	-1.100902e-006
3.006008256017094e-002	1.972995e-001	-1.100841e-006
3.016355849511512e-002	5.156121e-001	-1.100777e-006
3.026703443005931e-002	8.326010e-001	-1.100714e-006
3.037051036500349e-002	1.148266e+000	-1.100653e-006
3.047398629994768e-002	1.462607e+000	-1.100592e-006
3.057746223489186e-002	1.775625e+000	-1.100532e-006
3.068093816983605e-002	2.087318e+000	-1.100473e-006
3.078441410478023e-002	2.397688e+000	-1.100415e-006
3.082557854354047e-002	2.520100e+000	-1.100392e-006
3.086674298230071e-002	2.642056e+000	-1.100369e-006
3.090790742106095e-002	2.763556e+000	-1.100347e-006
3.094907185982119e-002	2.884599e+000	-1.100325e-006
3.099023629858142e-002	3.005186e+000	-1.100303e-006
3.103140073734166e-002	3.125316e+000	-1.100281e-006
3.107256517610190e-002	3.244990e+000	-1.100259e-006
3.112139330110190e-002	3.386163e+000	-1.100234e-006
3.123823415844729e-002	3.721895e+000	-1.100174e-006
3.135507501579268e-002	4.051518e+000	-1.100116e-006
3.147191587313808e-002	4.375035e+000	-1.100059e-006
3.158875673048348e-002	4.692443e+000	-1.100004e-006
3.170559758782887e-002	5.003744e+000	-1.099951e-006
3.182243844517426e-002	5.308938e+000	-1.099899e-006
3.193927930251966e-002	5.608023e+000	-1.099849e-006
3.203693555251965e-002	5.851452e+000	-1.099809e-006
3.213459180251965e-002	6.089396e+000	-1.099769e-006
3.218341992751964e-002	6.206409e+000	-1.099750e-006
3.220955069208354e-002	6.268480e+000	-1.099740e-006
3.224296587071148e-002	6.347076e+000	-1.099727e-006
3.228515741924960e-002	6.445232e+000	-1.099711e-006
3.237089638507518e-002	6.641109e+000	-1.099679e-006
3.246855263507517e-002	6.858631e+000	-1.099644e-006
3.261503701007516e-002	7.172791e+000	-1.099594e-006
3.267062564682847e-002	7.288271e+000	-1.099585e-006
3.272621428358177e-002	7.401419e+000	-1.099569e-006
3.278180292033508e-002	7.512235e+000	-1.099547e-006
3.283739155708838e-002	7.620719e+000	-1.099519e-006
3.289298019384168e-002	7.726872e+000	-1.099485e-006
3.294856883059499e-002	7.830692e+000	-1.099445e-006
3.300415746734829e-002	7.932181e+000	-1.099399e-006
3.305005455009789e-002	8.014555e+000	-1.099159e-006
3.305866239868323e-002	8.029729e+000	-1.098938e-006
3.307378274051790e-002	8.056267e+000	-1.098198e-006
3.308575651484328e-002	8.077193e+000	-1.097133e-006
3.309207905457554e-002	8.088184e+000	-1.095412e-006
3.309386700468639e-002	8.091290e+000	-1.094283e-006
3.309507328517011e-002	8.093390e+000	-1.092781e-006
3.309552836243727e-002	8.094185e+000	-1.091791e-006
3.309594167677168e-002	8.094911e+000	-1.090429e-006
3.309637374183259e-002	8.095676e+000	-1.088167e-006
3.309682063012981e-002	8.096481e+000	-1.084281e-006
3.309731703704318e-002	8.097395e+000	-1.077553e-006
3.309767879949232e-002	8.098077e+000	-1.070577e-006
3.309847155625678e-002	8.099609e+000	-1.049218e-006
3.311495755900898e-002	8.128844e+000	-5.148498e-007
3.312285066003035e-002	8.142424e+000	1.038923e-001
3.313396197900213e-002	8.161469e+000	6.262850e-001
3.313545348906062e-002	8.164002e+000	8.689498e-001
3.313681465243496e-002	8.166306e+000	1.240115e+000
3.313788347728087e-002	8.168126e+000	1.553965e+000
3.313902327453620e-002	8.170074e+000	1.898819e+000
3.314130286904686e-002	8.173972e+000	2.599880e+000
3.314586205806818e-002	8.181753e+000	4.017768e+000
3.315372949997525e-002	8.195147e+000	6.481480e+000
3.316066085033891e-002	8.206861e+000	8.602658e+000
3.316527616701977e-002	8.214527e+000	9.908183e+000
3.316546611043039e-002	8.214810e+000	9.939928e+000
3.316584599725161e-002	8.215308e+000	9.954237e+000
3.331956878533245e-002	8.463607e+000	9.955664e+000
3.347329157341329e-002	8.691238e+000	9.956778e+000
3.362701436149414e-002	8.898201e+000	9.957578e+000
3.378073714957498e-002	9.084495e+000	9.958065e+000
3.393445993765583e-002	9.250121e+000	9.958238e+000
3.408818272573667e-002	9.395079e+000	9.958098e+000
3.424190551381751e-002	9.519368e+000	9.957644e+000
3.428451517445296e-002	9.549406e+000	9.957665e+000
3.432103210931606e-002	9.573656e+000	9.957686e+000
3.436986023431606e-002	9.604277e+000	9.957689e+000
3.441868835931605e-002	9.632785e+000	9.957686e+000
3.446751648431605e-002	9.659031e+000	9.957694e+000
3.451634460931605e-002	9.683010e+000	9.957704e+000
3.456517273431604e-002	9.704716e+000	9.957711e+000
3.461400085931604e-002	9.724144e+000	9.957719e+000
3.466282898431604e-002	9.741405e+000	9.957723e+000
3.470168816175100e-002	9.753712e+000	9.957714e+000
3.473580717550837e-002	9.763136e+000	9.957726e+000
3.477624418122677e-002	9.772709e+000	9.957742e+000
3.480765925944485e-002	9.778883e+000	9.957756e+000
3.485648738444485e-002	9.786735e+000	9.957761e+000
3.490531550944485e-002	9.792494e+000	9.957745e+000
3.495414363444484e-002	9.795954e+000	9.957737e+000
3.500297175944484e-002	9.797113e+000	9.957738e+000
3.505179988444484e-002	9.795975e+000	9.957737e+000
3.510062800944484e-002	9.792535e+000	9.957735e+000
3.514945613444483e-002	9.786797e+000	9.957733e+000
3.519828425944483e-002	9.779122e+000	9.957724e+000
3.523274703236907e-002	9.772221e+000	9.957718e+000
3.526422995585459e-002	9.764744e+000	9.957722e+000
3.528815899317683e-002	9.758320e+000	9.957729e+000
3.532690594547805e-002	9.746730e+000	9.957726e+000
3.537573407047805e-002	9.730246e+000	9.957712e+000
3.542456219547804e-002	9.711596e+000	9.957696e+000
3.547339032047804e-002	9.690666e+000	9.957684e+000
3.552221844547804e-002	9.667461e+000	9.957674e+000
3.557104657047804e-002	9.641988e+000	9.957664e+000
3.561987469547803e-002	9.614250e+000	9.957651e+000
3.566870282047803e-002	9.584413e+000	9.957636e+000
3.572054140001683e-002	9.550444e+000	9.957616e+000
3.578206397334426e-002	9.506339e+000	9.957607e+000
3.581707435567995e-002	9.479498e+000	9.957602e+000
3.586590248067995e-002	9.440309e+000	9.957583e+000
3.591473060567994e-002	9.399060e+000	9.957560e+000
3.596355873067994e-002	9.355606e+000	9.957539e+000
3.601238685567994e-002	9.309956e+000	9.957520e+000
3.611004310567993e-002	9.212111e+000	9.957479e+000
3.621767765067031e-002	9.094719e+000	9.957422e+000
3.639440891950425e-002	8.876455e+000	9.957333e+000
3.657114018833819e-002	8.633033e+000	9.957233e+000
3.674787145717214e-002	8.364452e+000	9.957122e+000
3.692460272600609e-002	8.070714e+000	9.957000e+000
3.710133399484004e-002	7.751817e+000	9.956867e+000
3.727806526367398e-002	7.407762e+000	9.956723e+000
3.745479653250793e-002	7.038548e+000	9.956568e+000
3.755245278250792e-002	6.826487e+000	9.956480e+000
3.765010903250791e-002	6.608022e+000	9.956388e+000
3.773333204314858e-002	6.417282e+000	9.956307e+000
3.776455530915990e-002	6.344437e+000	9.956280e+000
3.778868793664428e-002	6.287646e+000	9.956259e+000
3.782775759545559e-002	6.194937e+000	9.956222e+000
3.787658572045559e-002	6.077881e+000	9.956170e+000
3.797424197045558e-002	5.839668e+000	9.956069e+000
3.812072634545557e-002	5.472156e+000	9.955917e+000
3.816276861863111e-002	5.364572e+000	9.955873e+000
3.820481089180664e-002	5.256067e+000	9.955827e+000
3.824685316498218e-002	5.146642e+000	9.955782e+000
3.828889543815771e-002	5.036296e+000	9.955736e+000
3.833093771133325e-002	4.925029e+000	9.955690e+000
3.837297998450878e-002	4.812841e+000	9.955644e+000
3.841502225768431e-002	4.699733e+000	9.955597e+000
3.851267850768431e-002	4.434254e+000	9.955486e+000
3.857353482277179e-002	4.266603e+000	9.955417e+000
3.863439113785926e-002	4.097537e+000	9.955347e+000
3.869524745294675e-002	3.927055e+000	9.955277e+000
3.875610376803423e-002	3.755157e+000	9.955205e+000
3.881696008312171e-002	3.581844e+000	9.955134e+000
3.887781639820918e-002	3.407116e+000	9.955061e+000
3.893867271329667e-002	3.230973e+000	9.954988e+000
3.903632896329666e-002	2.946241e+000	9.954870e+000
3.906322079645723e-002	2.867317e+000	9.954908e+000
3.909011262961780e-002	2.788213e+000	9.954903e+000
3.911700446277837e-002	2.708928e+000	9.954856e+000
3.914389629593894e-002	2.629463e+000	9.954765e+000
3.917078812909951e-002	2.549818e+000	9.954632e+000
3.919767996226008e-002	2.469991e+000	9.954456e+000
3.922457179542065e-002	2.389985e+000	9.954238e+000
3.924275671748759e-002	2.335765e+000	9.952866e+000
3.925634453452805e-002	2.295209e+000	9.949811e+000
3.926455008685166e-002	2.270694e+000	9.944974e+000
3.927149499272155e-002	2.249932e+000	9.937072e+000
3.927656090111693e-002	2.234771e+000	9.921537e+000
3.927834307660512e-002	2.229427e+000	9.908184e+000
3.927907424009746e-002	2.227230e+000	9.898986e+000
3.927960803911004e-002	2.225620e+000	9.888695e+000
3.928005014177988e-002	2.224280e+000	9.875284e+000
3.928050481895614e-002	2.222888e+000	9.852956e+000
3.928094878968694e-002	2.221505e+000	9.816128e+000
3.928145400524710e-002	2.219893e+000	9.750044e+000
3.928182537875841e-002	2.218678e+000	9.680532e+000
3.928324740273130e-002	2.213901e+000	9.283136e+000
3.928657581130676e-002	2.203399e+000	8.233212e+000
3.928990421988221e-002	2.192997e+000	7.186094e+000
3.929323262845767e-002	2.182697e+000	6.141782e+000
3.929656103703311e-002	2.172498e+000	5.100276e+000
3.929988944560857e-002	2.162399e+000	4.061577e+000
3.930321785418402e-002	2.152402e+000	3.025684e+000
3.930654626275948e-002	2.142505e+000	1.992597e+000
3.930832722880089e-002	2.137138e+000	1.452527e+000
3.930998594544190e-002	2.132155e+000	9.672482e-001
3.931050602587776e-002	2.130598e+000	8.234935e-001
3.931100075877137e-002	2.129122e+000	6.959707e-001
3.931124056739221e-002	2.128404e+000	6.384462e-001
3.931149445084081e-002	2.127640e+000	5.815680e-001
3.931184494319227e-002	2.126575e+000	5.013219e-001
3.931211452054143e-002	2.125751e+000	4.307975e-001
3.931235503542510e-002	2.125015e+000	3.606443e-001
3.931261951831323e-002	2.124206e+000	2.824686e-001
3.931309884497525e-002	2.122743e+000	1.656973e-001
3.931405749829930e-002	2.119824e+000	4.593843e-002
3.931574655829014e-002	2.114697e+000	6.236518e-005
3.931787014034139e-002	2.108273e+000	-9.815137e-008
3.933319326247037e-002	2.062299e+000	-5.896079e-007
3.934636450105038e-002	2.023407e+000	-9.814347e-007
3.935207285070217e-002	2.007197e+000	-1.095204e-006
3.935292073518105e-002	2.004857e+000	-1.100586e-006
3.943433163490495e-002	1.759360e+000	-1.100590e-006
3.951574253462885e-002	1.513063e+000	-1.100604e-006
3.959715343435274e-002	1.265967e+000	-1.100628e-006
3.967856433407665e-002	1.018069e+000	-1.100662e-006
3.975997523380054e-002	7.693719e-001	-1.100707e-006
3.984138613352444e-002	5.198741e-001	-1.100762e-006
3.992279703324834e-002	2.695761e-001	-1.100827e-006
3.996771869049833e-002	1.315903e-001	-1.100855e-006
4.001264034774832e-002	-6.350775e-003	-1.100883e-006
4.005756200499831e-002	-1.442473e-001	-1.100911e-006
4.010248366224830e-002	-2.820992e-001	-1.100939e-006
4.014740531949829e-002	-4.199065e-001	-1.100967e-006
4.019232697674828e-002	-5.576692e-001	-1.100996e-006
4.023724863399827e-002	-6.953872e-001	-1.101025e-006
4.033711054376412e-002	-1.001656e+000	-1.101089e-006
4.043697245352997e-002	-1.306136e+000	-1.101154e-006
4.053683436329582e-002	-1.608829e+000	-1.101219e-006
4.063669627306167e-002	-1.909733e+000	-1.101284e-006
4.073655818282752e-002	-2.208849e+000	-1.101350e-006
4.083642009259337e-002	-2.506177e+000	-1.101416e-006
4.093628200235921e-002	-2.801717e+000	-1.101482e-006
4.098511012735921e-002	-2.944923e+000	-1.101515e-006
4.108276637735921e-002	-3.229206e+000	-1.101580e-006
4.113159450235920e-002	-3.370216e+000	-1.101612e-006
4.120842286415339e-002	-3.590633e+000	-1.101663e-006
4.132890949575017e-002	-3.932968e+000	-1.101744e-006
4.144939612734695e-002	-4.268435e+000	-1.101823e-006
4.156988275894372e-002	-4.597035e+000	-1.101902e-006
4.169036939054051e-002	-4.918767e+000	-1.101980e-006
4.181085602213729e-002	-5.233632e+000	-1.102058e-006
4.193134265373406e-002	-5.541629e+000	-1.102134e-006
4.205182928533084e-002	-5.842758e+000	-1.102210e-006
4.211902731230576e-002	-6.006768e+000	-1.102251e-006
4.218622533928068e-002	-6.167886e+000	-1.102292e-006
4.225342336625560e-002	-6.326112e+000	-1.102332e-006
4.232062139323053e-002	-6.481445e+000	-1.102372e-006
4.238781942020545e-002	-6.633886e+000	-1.102411e-006
4.245501744718037e-002	-6.783435e+000	-1.102450e-006
4.252221547415529e-002	-6.930092e+000	-1.102488e-006
4.257104359915528e-002	-7.034657e+000	-1.102515e-006
4.261987172415528e-002	-7.137561e+000	-1.102542e-006
4.272054054257935e-002	-7.344755e+000	-1.102597e-006
4.276223272755821e-002	-7.428157e+000	-1.102619e-006
4.280392491253708e-002	-7.510281e+000	-1.102640e-006
4.284561709751594e-002	-7.591127e+000	-1.102662e-006
4.288730928249481e-002	-7.670695e+000	-1.102683e-006
4.292900146747367e-002	-7.748985e+000	-1.102704e-006
4.297069365245254e-002	-7.825997e+000	-1.102724e-006
4.301238583743140e-002	-7.901731e+000	-1.102744e-006
4.305010159498905e-002	-7.969295e+000	-1.102764e-006
4.305793956688327e-002	-7.983112e+000	-1.102766e-006
4.307361551067172e-002	-8.010627e+000	-1.102774e-006
4.308577881474248e-002	-8.031884e+000	-1.102779e-006
4.309201331214300e-002	-8.042717e+000	-1.102782e-006
4.309376333929121e-002	-8.045752e+000	-1.102783e-006
4.309494572863476e-002	-8.047801e+000	-1.102784e-006
4.309539582423850e-002	-8.048581e+000	-1.102784e-006
4.309581312861296e-002	-8.049304e+000	-1.102784e-006
4.309624668802425e-002	-8.050055e+000	-1.102784e-006
4.309669626828926e-002	-8.050833e+000	-1.102784e-006
4.309720096269475e-002	-8.051706e+000	-1.102785e-006
4.309753762274836e-002	-8.052289e+000	-1.102785e-006
4.309900068718178e-002	-8.054821e+000	-1.102785e-006
4.312991420443518e-002	-8.107902e+000	-1.102800e-006
4.313133011357674e-002	-8.110315e+000	-1.102800e-006
4.313269618883119e-002	-8.112641e+000	-1.102801e-006
4.313311778112300e-002	-8.113359e+000	-1.102801e-006
4.313396096570661e-002	-8.114794e+000	-1.102801e-006
4.313416813295617e-002	-8.115147e+000	-1.102802e-006
4.313445360463681e-002	-8.115632e+000	-1.102802e-006
4.313476212304063e-002	-8.116157e+000	-1.102802e-006
4.313504881035823e-002	-8.116645e+000	-1.102802e-006
4.313537387332345e-002	-8.117197e+000	-1.102802e-006
4.313597719473134e-002	-8.118223e+000	-1.102802e-006
4.313685831681548e-002	-8.119720e+000	-1.102803e-006
4.313806464169035e-002	-8.121769e+000	-1.102803e-006
4.313995165496281e-002	-8.124971e+000	-1.102804e-006
4.314315491770587e-002	-8.130400e+000	-1.102806e-006
4.314893754458554e-002	-8.140174e+000	-1.102808e-006
4.315990997521386e-002	-8.158664e+000	-1.102813e-006
4.316495649376978e-002	-8.167146e+000	-1.102815e-006
4.316511572330137e-002	-8.167413e+000	-1.102815e-006
4.316543418236454e-002	-8.167947e+000	-1.102816e-006
4.317697615967887e-002	-8.187223e+000	-1.102821e-006
4.318851813699321e-002	-8.206393e+000	-1.102826e-006
4.320006011430754e-002	-8.225457e+000	-1.102831e-006
4.321160209162187e-002	-8.244416e+000	-1.102836e-006
4.322314406893620e-002	-8.263269e+000	-1.102841e-006
4.323468604625054e-002	-8.282017e+000	-1.102846e-006
4.324622802356487e-002	-8.300658e+000	-1.102851e-006
4.339230366215698e-002	-8.527795e+000	-1.102913e-006
4.353837930074909e-002	-8.736007e+000	-1.102969e-006
4.368445493934121e-002	-8.925295e+000	-1.103021e-006
4.383053057793333e-002	-9.095658e+000	-1.103067e-006
4.397660621652544e-002	-9.247098e+000	-1.103109e-006
4.412268185511755e-002	-9.379613e+000	-1.103145e-006
4.426875749370966e-002	-9.493204e+000	-1.103176e-006
4.429551590924233e-002	-9.511491e+000	-1.103181e-006
4.433872615704735e-002	-9.539644e+000	-1.103189e-006
4.438755428204735e-002	-9.569525e+000	-1.103198e-006
4.443638240704734e-002	-9.597214e+000	-1.103205e-006
4.448521053204734e-002	-9.622640e+000	-1.103212e-006
4.453403865704734e-002	-9.645796e+000	-1.103219e-006
4.458286678204734e-002	-9.666676e+000	-1.103224e-006
4.463169490704733e-002	-9.685276e+000	-1.103229e-006
4.468052303204733e-002	-9.701838e+000	-1.103234e-006
4.470846071550143e-002	-9.710367e+000	-1.103236e-006
4.474196643731338e-002	-9.719358e+000	-1.103239e-006
4.476201193044229e-002	-9.724190e+000	-1.103240e-006
4.478455208579466e-002	-9.729095e+000	-1.103242e-006
4.482109166892502e-002	-9.735922e+000	-1.103243e-006
4.486991979392502e-002	-9.743202e+000	-1.103245e-006
4.491874791892501e-002	-9.748328e+000	-1.103247e-006
4.496757604392501e-002	-9.751155e+000	-1.103248e-006
4.501640416892501e-002	-9.751682e+000	-1.103248e-006
4.506523229392501e-002	-9.749909e+000	-1.103247e-006
4.511406041892500e-002	-9.745838e+000	-1.103246e-006
4.516288854392500e-002	-9.739585e+000	-1.103244e-006
4.520171137804495e-002	-9.733176e+000	-1.103243e-006
4.523582813223031e-002	-9.726160e+000	-1.103241e-006
4.527628629776599e-002	-9.716240e+000	-1.103238e-006
4.530772747905273e-002	-9.707269e+000	-1.103235e-006
4.535655560405272e-002	-9.691597e+000	-1.103231e-006
4.540538372905272e-002	-9.673843e+000	-1.103226e-006
4.545421185405272e-002	-9.653809e+000	-1.103221e-006
4.550303997905272e-002	-9.631496e+000	-1.103215e-006
4.555186810405271e-002	-9.606913e+000	-1.103208e-006
4.560069622905271e-002	-9.580063e+000	-1.103200e-006
4.564952435405271e-002	-9.550955e+000	-1.103192e-006
4.569835247905271e-002	-9.519947e+000	-1.103184e-006
4.574792122963106e-002	-9.485960e+000	-1.103174e-006
4.578815471174406e-002	-9.456398e+000	-1.103166e-006
4.582689905088359e-002	-9.426428e+000	-1.103158e-006
4.587572717588359e-002	-9.386833e+000	-1.103147e-006
4.592455530088359e-002	-9.345140e+000	-1.103136e-006
4.597338342588359e-002	-9.301243e+000	-1.103124e-006
4.602221155088358e-002	-9.255152e+000	-1.103111e-006
4.611986780088358e-002	-9.156430e+000	-1.103084e-006
4.622053941043031e-002	-9.046087e+000	-1.103054e-006
4.637783382083810e-002	-8.853219e+000	-1.103001e-006
4.653512823124589e-002	-8.640151e+000	-1.102943e-006
4.669242264165367e-002	-8.406885e+000	-1.102880e-006
4.684971705206147e-002	-8.153420e+000	-1.102812e-006
4.700701146246925e-002	-7.879757e+000	-1.102739e-006
4.716430587287704e-002	-7.585895e+000	-1.102661e-006
4.732160028328483e-002	-7.271834e+000	-1.102577e-006
4.737042840828482e-002	-7.171068e+000	-1.102551e-006
4.741925653328482e-002	-7.068717e+000	-1.102524e-006
4.746808465828482e-002	-6.964697e+000	-1.102497e-006
4.751691278328481e-002	-6.859033e+000	-1.102469e-006
4.756574090828481e-002	-6.751749e+000	-1.102442e-006
4.761456903328481e-002	-6.642872e+000	-1.102413e-006
4.771900293618991e-002	-6.405104e+000	-1.102352e-006
4.780038611025880e-002	-6.214271e+000	-1.102303e-006
4.788176928432768e-002	-6.019729e+000	-1.102254e-006
4.796315245839657e-002	-5.821479e+000	-1.102204e-006
4.804453563246545e-002	-5.619519e+000	-1.102153e-006
4.812591880653434e-002	-5.413851e+000	-1.102102e-006
4.820730198060323e-002	-5.204474e+000	-1.102050e-006
4.828868515467211e-002	-4.991388e+000	-1.101998e-006
4.832775311690452e-002	-4.887911e+000	-1.101972e-006
4.842540936690452e-002	-4.626299e+000	-1.101909e-006
4.857189374190451e-002	-4.225842e+000	-1.101813e-006
4.861393643592114e-002	-4.109229e+000	-1.101785e-006
4.865597912993778e-002	-3.991922e+000	-1.101757e-006
4.869802182395441e-002	-3.873921e+000	-1.101729e-006
4.874006451797105e-002	-3.755227e+000	-1.101701e-006
4.878210721198768e-002	-3.635839e+000	-1.101674e-006
4.882414990600432e-002	-3.515758e+000	-1.101646e-006
4.886619260002095e-002	-3.394982e+000	-1.101618e-006
4.891502072502095e-002	-3.254113e+000	-1.101585e-006
4.901267697502094e-002	-2.970096e+000	-1.101520e-006
4.904436782159953e-002	-2.877280e+000	-1.101499e-006
4.907605866817811e-002	-2.784208e+000	-1.101478e-006
4.910774951475670e-002	-2.690879e+000	-1.101457e-006
4.913944036133528e-002	-2.597295e+000	-1.101436e-006
4.917113120791387e-002	-2.503454e+000	-1.101415e-006
4.920282205449245e-002	-2.409358e+000	-1.101394e-006
4.923451290107103e-002	-2.315006e+000	-1.101373e-006
4.925014290068556e-002	-2.268377e+000	-1.101363e-006
4.926200471491452e-002	-2.232956e+000	-1.101355e-006
4.927006926265056e-002	-2.208857e+000	-1.101349e-006
4.927557762823003e-002	-2.192384e+000	-1.101346e-006
4.927806315146934e-002	-2.184950e+000	-1.101344e-006
4.927887473685765e-002	-2.182522e+000	-1.101344e-006
4.927944314090749e-002	-2.180821e+000	-1.101343e-006
4.927992132552000e-002	-2.179390e+000	-1.101343e-006
4.928034773712917e-002	-2.178115e+000	-1.101343e-006
4.928080098124334e-002	-2.176759e+000	-1.101342e-006
4.928126525983846e-002	-2.175370e+000	-1.101342e-006
4.928188991055425e-002	-2.173500e+000	-1.101342e-006
4.928229276845560e-002	-2.172295e+000	-1.101341e-006
4.928405100191328e-002	-2.167033e+000	-1.101340e-006
4.928580923537097e-002	-2.161771e+000	-1.101339e-006
4.928756746882866e-002	-2.156507e+000	-1.101338e-006
4.928932570228636e-002	-2.151244e+000	-1.101337e-006
4.929108393574404e-002	-2.145979e+000	-1.101336e-006
4.929284216920173e-002	-2.140714e+000	-1.101334e-006
4.929460040265942e-002	-2.135448e+000	-1.101333e-006
4.929957579476941e-002	-2.120543e+000	-1.101330e-006
4.930671413097114e-002	-2.099151e+000	-1.101325e-006
4.930845803304618e-002	-2.093924e+000	-1.101324e-006
4.931003430367170e-002	-2.089198e+000	-1.101323e-006
4.931054289697830e-002	-2.087673e+000	-1.101323e-006
4.931102473066905e-002	-2.086228e+000	-1.101322e-006
4.931126495869573e-002	-2.085508e+000	-1.101322e-006
4.931151733652220e-002	-2.084751e+000	-1.101322e-006
4.931186504209532e-002	-2.083708e+000	-1.101322e-006
4.931212456219130e-002	-2.082930e+000	-1.101322e-006
4.931236491498329e-002	-2.082209e+000	-1.101322e-006
4.931262914793567e-002	-2.081417e+000	-1.101321e-006
4.931310829125725e-002	-2.079980e+000	-1.101321e-006
4.931406657790040e-002	-2.077106e+000	-1.101320e-006
4.931576473745512e-002	-2.072012e+000	-1.101319e-006
4.931787842945075e-002	-2.065672e+000	-1.101318e-006
4.933319673967502e-002	-2.019688e+000	-1.101308e-006
4.934641686743513e-002	-1.979971e+000	-1.101299e-006
4.935214142782846e-002	-1.962765e+000	-1.101295e-006
4.935297832856867e-002	-1.960249e+000	-1.101295e-006
4.936155873896577e-002	-1.934439e+000	-1.101289e-006
4.944160821665523e-002	-1.692549e+000	-1.101236e-006
4.952165769434470e-002	-1.449980e+000	-1.101184e-006
4.960170717203416e-002	-1.206734e+000	-1.101132e-006
4.968175664972363e-002	-9.628094e-001	-1.101080e-006
4.976180612741309e-002	-7.182070e-001	-1.101029e-006
4.984185560510256e-002	-4.729266e-001	-1.100978e-006
4.992190508279202e-002	-2.269682e-001	-1.100927e-006
4.997073320779202e-002	-7.705817e-002	-1.100897e-006
5.000000000000000e-002	1.281133e-002	-1.100878e-006
