
1.000000000000000e+000	1.000000e+000	2.526689e-001
1.009990000000000e+002	1.009990e+002	2.610551e-001
2.009980000000000e+002	2.009980e+002	2.694414e-001
3.009970000000000e+002	3.009970e+002	2.778276e-001
4.009960000000000e+002	4.009960e+002	2.862138e-001
5.009950000000000e+002	5.009950e+002	2.946001e-001
6.009940000000000e+002	6.009940e+002	3.029863e-001
7.009930000000001e+002	7.009930e+002	3.113726e-001
8.009920000000001e+002	8.009920e+002	3.197589e-001
9.009910000000001e+002	9.009910e+002	3.281451e-001
1.000990000000000e+003	1.000990e+003	3.365314e-001
1.100989000000000e+003	1.100989e+003	3.449177e-001
1.200988000000000e+003	1.200988e+003	3.533040e-001
1.300987000000000e+003	1.300987e+003	3.616903e-001
1.400986000000000e+003	1.400986e+003	3.700766e-001
1.500985000000000e+003	1.500985e+003	3.784630e-001
1.600984000000000e+003	1.600984e+003	3.868493e-001
1.700983000000000e+003	1.700983e+003	3.952356e-001
1.800982000000000e+003	1.800982e+003	4.036220e-001
1.900981000000000e+003	1.900981e+003	4.120083e-001
2.000980000000000e+003	2.000980e+003	4.203947e-001
2.100979000000000e+003	2.100979e+003	4.287811e-001
2.200978000000000e+003	2.200978e+003	4.371675e-001
2.300977000000000e+003	2.300977e+003	4.455538e-001
2.400976000000000e+003	2.400976e+003	4.539402e-001
2.500975000000000e+003	2.500975e+003	4.623266e-001
2.600973999999999e+003	2.600974e+003	4.707131e-001
2.700972999999999e+003	2.700973e+003	4.790995e-001
2.800971999999999e+003	2.800972e+003	4.874859e-001
2.900970999999999e+003	2.900971e+003	4.958724e-001
3.000969999999998e+003	3.000970e+003	5.042588e-001
3.100968999999998e+003	3.100969e+003	5.126452e-001
3.200967999999998e+003	3.200968e+003	5.210317e-001
3.300966999999998e+003	3.300967e+003	5.294182e-001
3.400965999999998e+003	3.400966e+003	5.378047e-001
3.500964999999997e+003	3.500965e+003	5.461912e-001
3.600963999999997e+003	3.600964e+003	5.545776e-001
3.700962999999997e+003	3.700963e+003	5.629642e-001
3.800961999999997e+003	3.800962e+003	5.713507e-001
3.900960999999997e+003	3.900961e+003	5.797372e-001
4.000959999999996e+003	4.000960e+003	5.881237e-001
4.100958999999996e+003	4.100959e+003	5.965103e-001
4.200957999999996e+003	4.200958e+003	6.048968e-001
4.300956999999996e+003	4.300957e+003	6.132834e-001
4.400955999999996e+003	4.400956e+003	6.216699e-001
4.500954999999995e+003	4.500955e+003	6.300565e-001
4.600953999999995e+003	4.600954e+003	6.384431e-001
4.700952999999995e+003	4.700953e+003	6.468297e-001
4.800951999999995e+003	4.800952e+003	6.552163e-001
4.900950999999995e+003	4.900951e+003	6.636029e-001
5.000949999999994e+003	5.000950e+003	6.719895e-001
5.100948999999994e+003	5.100949e+003	6.803761e-001
5.200947999999994e+003	5.200948e+003	6.887627e-001
5.300946999999994e+003	5.300947e+003	6.971494e-001
5.400945999999994e+003	5.400946e+003	7.055360e-001
5.500944999999993e+003	5.500945e+003	7.139227e-001
5.600943999999993e+003	5.600944e+003	7.223094e-001
5.700942999999993e+003	5.700943e+003	7.306960e-001
5.800941999999993e+003	5.800942e+003	7.390827e-001
5.900940999999993e+003	5.900941e+003	7.474694e-001
6.000939999999992e+003	6.000940e+003	7.558560e-001
6.100938999999992e+003	6.100939e+003	7.642428e-001
6.200937999999992e+003	6.200938e+003	7.726294e-001
6.300936999999992e+003	6.300937e+003	7.810162e-001
6.400935999999992e+003	6.400936e+003	7.894029e-001
6.500934999999991e+003	6.500935e+003	7.977896e-001
6.600933999999991e+003	6.600934e+003	8.061764e-001
6.700932999999991e+003	6.700933e+003	8.145631e-001
6.800931999999991e+003	6.800932e+003	8.229499e-001
6.900930999999991e+003	6.900931e+003	8.313366e-001
7.000929999999990e+003	7.000930e+003	8.397234e-001
7.100928999999990e+003	7.100929e+003	8.481102e-001
7.200927999999990e+003	7.200928e+003	8.564970e-001
7.300926999999990e+003	7.300927e+003	8.648838e-001
7.400925999999990e+003	7.400926e+003	8.732706e-001
7.500924999999989e+003	7.500925e+003	8.816574e-001
7.600923999999989e+003	7.600924e+003	8.900442e-001
7.700922999999989e+003	7.700923e+003	8.984311e-001
7.800921999999989e+003	7.800922e+003	9.068179e-001
7.900920999999989e+003	7.900921e+003	9.152048e-001
8.000919999999988e+003	8.000920e+003	9.235916e-001
8.100918999999988e+003	8.100919e+003	9.319785e-001
8.200917999999989e+003	8.200918e+003	9.403653e-001
8.300916999999989e+003	8.300917e+003	9.487522e-001
8.400915999999988e+003	8.400916e+003	9.571391e-001
8.500914999999988e+003	8.500915e+003	9.655260e-001
8.600913999999988e+003	8.600914e+003	9.739129e-001
8.700912999999988e+003	8.700913e+003	9.822998e-001
8.800911999999988e+003	8.800912e+003	9.906867e-001
8.900910999999987e+003	8.900911e+003	9.990737e-001
9.000909999999987e+003	9.000910e+003	1.007461e+000
9.100908999999987e+003	9.100909e+003	1.015848e+000
9.200907999999987e+003	9.200908e+003	1.024235e+000
9.300906999999987e+003	9.300907e+003	1.032622e+000
9.400905999999986e+003	9.400906e+003	1.041008e+000
9.500904999999986e+003	9.500905e+003	1.049395e+000
9.600903999999986e+003	9.600904e+003	1.057782e+000
9.700902999999986e+003	9.700903e+003	1.066169e+000
9.800901999999986e+003	9.800902e+003	1.074556e+000
9.900900999999985e+003	9.900901e+003	1.082943e+000
1.000089999999999e+004	1.000090e+004	1.091330e+000
1.010089899999999e+004	1.010090e+004	1.099717e+000
1.020089799999999e+004	1.020090e+004	1.108104e+000
1.030089699999998e+004	1.030090e+004	1.116492e+000
1.040089599999998e+004	1.040090e+004	1.124879e+000
1.050089499999998e+004	1.050089e+004	1.133266e+000
1.060089399999998e+004	1.060089e+004	1.141653e+000
1.070089299999998e+004	1.070089e+004	1.150040e+000
1.080089199999998e+004	1.080089e+004	1.158427e+000
1.090089099999998e+004	1.090089e+004	1.166814e+000
1.100088999999998e+004	1.100089e+004	1.175201e+000
1.110088899999998e+004	1.110089e+004	1.183588e+000
1.120088799999998e+004	1.120089e+004	1.191975e+000
1.130088699999998e+004	1.130089e+004	1.200362e+000
1.140088599999998e+004	1.140089e+004	1.208750e+000
1.150088499999998e+004	1.150088e+004	1.217137e+000
1.160088399999998e+004	1.160088e+004	1.225524e+000
1.170088299999998e+004	1.170088e+004	1.233911e+000
1.180088199999998e+004	1.180088e+004	1.242298e+000
1.190088099999998e+004	1.190088e+004	1.250685e+000
1.200087999999998e+004	1.200088e+004	1.259073e+000
1.210087899999998e+004	1.210088e+004	1.267460e+000
1.220087799999998e+004	1.220088e+004	1.275847e+000
1.230087699999998e+004	1.230088e+004	1.284234e+000
1.240087599999998e+004	1.240088e+004	1.292621e+000
1.250087499999998e+004	1.250088e+004	1.301009e+000
1.260087399999998e+004	1.260087e+004	1.309396e+000
1.270087299999998e+004	1.270087e+004	1.317783e+000
1.280087199999998e+004	1.280087e+004	1.326170e+000
1.290087099999998e+004	1.290087e+004	1.334558e+000
1.300086999999998e+004	1.300087e+004	1.342945e+000
1.310086899999998e+004	1.310087e+004	1.351332e+000
1.320086799999998e+004	1.320087e+004	1.359719e+000
1.330086699999998e+004	1.330087e+004	1.368107e+000
1.340086599999998e+004	1.340087e+004	1.376494e+000
1.350086499999998e+004	1.350087e+004	1.384881e+000
1.360086399999998e+004	1.360086e+004	1.393268e+000
1.370086299999998e+004	1.370086e+004	1.401656e+000
1.380086199999998e+004	1.380086e+004	1.410043e+000
1.390086099999998e+004	1.390086e+004	1.418430e+000
1.400085999999998e+004	1.400086e+004	1.426818e+000
1.410085899999998e+004	1.410086e+004	1.435205e+000
1.420085799999998e+004	1.420086e+004	1.443593e+000
1.430085699999998e+004	1.430086e+004	1.451980e+000
1.440085599999998e+004	1.440086e+004	1.460367e+000
1.450085499999998e+004	1.450086e+004	1.468755e+000
1.460085399999998e+004	1.460085e+004	1.477142e+000
1.470085299999998e+004	1.470085e+004	1.485529e+000
1.480085199999998e+004	1.480085e+004	1.493917e+000
1.490085099999998e+004	1.490085e+004	1.502304e+000
1.500084999999998e+004	1.500085e+004	1.510692e+000
1.510084899999998e+004	1.510085e+004	1.519079e+000
1.520084799999997e+004	1.520085e+004	1.527467e+000
1.530084699999997e+004	1.530085e+004	1.535854e+000
1.540084599999997e+004	1.540085e+004	1.544242e+000
1.550084499999997e+004	1.550084e+004	1.552629e+000
1.560084399999997e+004	1.560084e+004	1.561016e+000
1.570084299999997e+004	1.570084e+004	1.569404e+000
1.580084199999997e+004	1.580084e+004	1.577791e+000
1.590084099999997e+004	1.590084e+004	1.586179e+000
1.600083999999997e+004	1.600084e+004	1.594566e+000
1.610083899999997e+004	1.610084e+004	1.602954e+000
1.620083799999997e+004	1.620084e+004	1.611341e+000
1.630083699999997e+004	1.630084e+004	1.619729e+000
1.640083599999997e+004	1.640084e+004	1.628116e+000
1.650083499999997e+004	1.650084e+004	1.636504e+000
1.660083399999997e+004	1.660083e+004	1.644892e+000
1.670083299999997e+004	1.670083e+004	1.653279e+000
1.680083199999997e+004	1.680083e+004	1.661667e+000
1.690083099999997e+004	1.690083e+004	1.670054e+000
1.700082999999997e+004	1.700083e+004	1.678442e+000
1.710082899999997e+004	1.710083e+004	1.686830e+000
1.720082799999997e+004	1.720083e+004	1.695217e+000
1.730082699999997e+004	1.730083e+004	1.703605e+000
1.740082599999997e+004	1.740083e+004	1.711992e+000
1.750082499999997e+004	1.750082e+004	1.720380e+000
1.760082399999997e+004	1.760082e+004	1.728768e+000
1.770082299999997e+004	1.770082e+004	1.737155e+000
1.780082199999997e+004	1.780082e+004	1.745543e+000
1.790082099999997e+004	1.790082e+004	1.753931e+000
1.800081999999997e+004	1.800082e+004	1.762318e+000
1.810081899999997e+004	1.810082e+004	1.770706e+000
1.820081799999997e+004	1.820082e+004	1.779094e+000
1.830081699999997e+004	1.830082e+004	1.787481e+000
1.840081599999997e+004	1.840082e+004	1.795869e+000
1.850081499999997e+004	1.850081e+004	1.804257e+000
1.860081399999997e+004	1.860081e+004	1.812644e+000
1.870081299999997e+004	1.870081e+004	1.821032e+000
1.880081199999997e+004	1.880081e+004	1.829420e+000
1.890081099999997e+004	1.890081e+004	1.837808e+000
1.900080999999997e+004	1.900081e+004	1.846195e+000
1.910080899999997e+004	1.910081e+004	1.854583e+000
1.920080799999997e+004	1.920081e+004	1.862971e+000
1.930080699999997e+004	1.930081e+004	1.871359e+000
1.940080599999997e+004	1.940081e+004	1.879746e+000
1.950080499999997e+004	1.950080e+004	1.888134e+000
1.960080399999997e+004	1.960080e+004	1.896522e+000
1.970080299999997e+004	1.970080e+004	1.904910e+000
1.980080199999997e+004	1.980080e+004	1.913298e+000
1.990080099999997e+004	1.990080e+004	1.921686e+000
2.000079999999997e+004	2.000080e+004	1.930073e+000
2.010079899999997e+004	2.010080e+004	1.938461e+000
2.020079799999997e+004	2.020080e+004	1.946849e+000
2.030079699999997e+004	2.030080e+004	1.955237e+000
2.040079599999997e+004	2.040080e+004	1.963625e+000
2.050079499999997e+004	2.050079e+004	1.972013e+000
2.060079399999997e+004	2.060079e+004	1.980401e+000
2.070079299999997e+004	2.070079e+004	1.988788e+000
2.080079199999997e+004	2.080079e+004	1.997176e+000
2.090079099999997e+004	2.090079e+004	2.005564e+000
2.100078999999996e+004	2.100079e+004	2.013952e+000
2.110078899999996e+004	2.110079e+004	2.022340e+000
2.120078799999996e+004	2.120079e+004	2.030728e+000
2.130078699999996e+004	2.130079e+004	2.039116e+000
2.140078599999996e+004	2.140079e+004	2.047504e+000
2.150078499999996e+004	2.150079e+004	2.055892e+000
2.160078399999996e+004	2.160078e+004	2.064280e+000
2.170078299999996e+004	2.170078e+004	2.072668e+000
2.180078199999996e+004	2.180078e+004	2.081056e+000
2.190078099999996e+004	2.190078e+004	2.089444e+000
2.200077999999996e+004	2.200078e+004	2.097832e+000
2.210077899999996e+004	2.210078e+004	2.106220e+000
2.220077799999996e+004	2.220078e+004	2.114608e+000
2.230077699999996e+004	2.230078e+004	2.122996e+000
2.240077599999996e+004	2.240078e+004	2.131384e+000
2.250077499999996e+004	2.250078e+004	2.139772e+000
2.260077399999996e+004	2.260077e+004	2.148160e+000
2.270077299999996e+004	2.270077e+004	2.156548e+000
2.280077199999996e+004	2.280077e+004	2.164936e+000
2.290077099999996e+004	2.290077e+004	2.173324e+000
2.300076999999996e+004	2.300077e+004	2.181712e+000
2.310076899999996e+004	2.310077e+004	2.190100e+000
2.320076799999996e+004	2.320077e+004	2.198488e+000
2.330076699999996e+004	2.330077e+004	2.206876e+000
2.340076599999996e+004	2.340077e+004	2.215265e+000
2.350076499999996e+004	2.350077e+004	2.223653e+000
2.360076399999996e+004	2.360076e+004	2.232041e+000
2.370076299999996e+004	2.370076e+004	2.240429e+000
2.380076199999996e+004	2.380076e+004	2.248817e+000
2.390076099999996e+004	2.390076e+004	2.257205e+000
2.400075999999996e+004	2.400076e+004	2.265593e+000
2.410075899999996e+004	2.410076e+004	2.273982e+000
2.420075799999996e+004	2.420076e+004	2.282370e+000
2.430075699999996e+004	2.430076e+004	2.290758e+000
2.440075599999996e+004	2.440076e+004	2.299146e+000
2.450075499999996e+004	2.450076e+004	2.307534e+000
2.460075399999996e+004	2.460075e+004	2.315922e+000
2.470075299999996e+004	2.470075e+004	2.324311e+000
2.480075199999996e+004	2.480075e+004	2.332699e+000
2.490075099999996e+004	2.490075e+004	2.341087e+000
2.500074999999996e+004	2.500075e+004	2.349475e+000
2.510074899999996e+004	2.510075e+004	2.357864e+000
2.520074799999996e+004	2.520075e+004	2.366252e+000
2.530074699999996e+004	2.530075e+004	2.374640e+000
2.540074599999996e+004	2.540075e+004	2.383028e+000
2.550074499999996e+004	2.550074e+004	2.391417e+000
2.560074399999996e+004	2.560074e+004	2.399805e+000
2.570074299999996e+004	2.570074e+004	2.408193e+000
2.580074199999996e+004	2.580074e+004	2.416582e+000
2.590074099999996e+004	2.590074e+004	2.424970e+000
2.600073999999995e+004	2.600074e+004	2.433358e+000
2.610073899999995e+004	2.610074e+004	2.441746e+000
2.620073799999995e+004	2.620074e+004	2.450135e+000
2.630073699999995e+004	2.630074e+004	2.458523e+000
2.640073599999995e+004	2.640074e+004	2.466912e+000
2.650073499999995e+004	2.650073e+004	2.475300e+000
2.660073399999995e+004	2.660073e+004	2.483688e+000
2.670073299999995e+004	2.670073e+004	2.492077e+000
2.680073199999995e+004	2.680073e+004	2.500465e+000
2.690073099999995e+004	2.690073e+004	2.508853e+000
2.700072999999995e+004	2.700073e+004	2.517242e+000
2.710072899999995e+004	2.710073e+004	2.525630e+000
2.720072799999995e+004	2.720073e+004	2.534019e+000
2.730072699999995e+004	2.730073e+004	2.542407e+000
2.740072599999995e+004	2.740073e+004	2.550796e+000
2.750072499999995e+004	2.750072e+004	2.559184e+000
2.760072399999995e+004	2.760072e+004	2.567572e+000
2.770072299999995e+004	2.770072e+004	2.575961e+000
2.780072199999995e+004	2.780072e+004	2.584349e+000
2.790072099999995e+004	2.790072e+004	2.592738e+000
2.800071999999995e+004	2.800072e+004	2.601126e+000
2.810071899999995e+004	2.810072e+004	2.609515e+000
2.820071799999995e+004	2.820072e+004	2.617903e+000
2.830071699999995e+004	2.830072e+004	2.626292e+000
2.840071599999995e+004	2.840072e+004	2.634680e+000
2.850071499999995e+004	2.850071e+004	2.643069e+000
2.860071399999995e+004	2.860071e+004	2.651457e+000
2.870071299999995e+004	2.870071e+004	2.659846e+000
2.880071199999995e+004	2.880071e+004	2.668234e+000
2.890071099999995e+004	2.890071e+004	2.676623e+000
2.900070999999995e+004	2.900071e+004	2.685011e+000
2.910070899999995e+004	2.910071e+004	2.693400e+000
2.920070799999995e+004	2.920071e+004	2.701789e+000
2.930070699999995e+004	2.930071e+004	2.710177e+000
2.940070599999995e+004	2.940071e+004	2.718566e+000
2.950070499999995e+004	2.950071e+004	2.726954e+000
2.960070399999995e+004	2.960070e+004	2.735343e+000
2.970070299999995e+004	2.970070e+004	2.743732e+000
2.980070199999995e+004	2.980070e+004	2.752120e+000
2.990070099999995e+004	2.990070e+004	2.760509e+000
3.000069999999995e+004	3.000070e+004	2.768898e+000
3.010069899999995e+004	3.010070e+004	2.777286e+000
3.020069799999995e+004	3.020070e+004	2.785675e+000
3.030069699999995e+004	3.030070e+004	2.794064e+000
3.040069599999995e+004	3.040070e+004	2.802452e+000
3.050069499999995e+004	3.050070e+004	2.810841e+000
3.060069399999995e+004	3.060069e+004	2.819230e+000
3.070069299999995e+004	3.070069e+004	2.827618e+000
3.080069199999995e+004	3.080069e+004	2.836007e+000
3.090069099999994e+004	3.090069e+004	2.844396e+000
3.100068999999994e+004	3.100069e+004	2.852784e+000
3.110068899999994e+004	3.110069e+004	2.861173e+000
3.120068799999994e+004	3.120069e+004	2.869562e+000
3.130068699999994e+004	3.130069e+004	2.877951e+000
3.140068599999994e+004	3.140069e+004	2.886339e+000
3.150068499999994e+004	3.150069e+004	2.894728e+000
3.160068399999994e+004	3.160068e+004	2.903117e+000
3.170068299999994e+004	3.170068e+004	2.911506e+000
3.180068199999994e+004	3.180068e+004	2.919894e+000
3.190068099999994e+004	3.190068e+004	2.928283e+000
3.200067999999994e+004	3.200068e+004	2.936672e+000
3.210067899999994e+004	3.210068e+004	2.945061e+000
3.220067799999994e+004	3.220068e+004	2.953450e+000
3.230067699999994e+004	3.230068e+004	2.961839e+000
3.240067599999994e+004	3.240068e+004	2.970227e+000
3.250067499999994e+004	3.250068e+004	2.978616e+000
3.260067399999994e+004	3.260067e+004	2.987005e+000
3.270067299999994e+004	3.270067e+004	2.995394e+000
3.280067199999994e+004	3.280067e+004	3.003783e+000
3.290067099999994e+004	3.290067e+004	3.012172e+000
3.300066999999995e+004	3.300067e+004	3.020561e+000
3.310066899999995e+004	3.310067e+004	3.028949e+000
3.320066799999995e+004	3.320067e+004	3.037338e+000
3.330066699999996e+004	3.330067e+004	3.045727e+000
3.340066599999996e+004	3.340066e+004	3.054116e+000
3.350066499999996e+004	3.350066e+004	3.062505e+000
3.360066399999997e+004	3.360066e+004	3.070894e+000
3.370066299999997e+004	3.370066e+004	3.079283e+000
3.380066199999998e+004	3.380066e+004	3.087672e+000
3.390066099999998e+004	3.390066e+004	3.096061e+000
3.400065999999998e+004	3.400066e+004	3.104450e+000
3.410065899999999e+004	3.410066e+004	3.112839e+000
3.420065799999999e+004	3.420066e+004	3.121228e+000
3.430065699999999e+004	3.430066e+004	3.129617e+000
3.440065600000000e+004	3.440066e+004	3.138006e+000
3.450065500000000e+004	3.450066e+004	3.146395e+000
3.460065400000000e+004	3.460065e+004	3.154784e+000
3.470065300000001e+004	3.470065e+004	3.163173e+000
3.480065200000001e+004	3.480065e+004	3.171562e+000
3.490065100000001e+004	3.490065e+004	3.179951e+000
3.500065000000002e+004	3.500065e+004	3.188340e+000
3.510064900000002e+004	3.510065e+004	3.196729e+000
3.520064800000002e+004	3.520065e+004	3.205118e+000
3.530064700000003e+004	3.530065e+004	3.213507e+000
3.540064600000003e+004	3.540064e+004	3.221896e+000
3.550064500000003e+004	3.550064e+004	3.230285e+000
3.560064400000004e+004	3.560064e+004	3.238675e+000
3.570064300000004e+004	3.570064e+004	3.247064e+000
3.580064200000004e+004	3.580064e+004	3.255453e+000
3.590064100000005e+004	3.590064e+004	3.263842e+000
3.600064000000005e+004	3.600064e+004	3.272231e+000
3.610063900000005e+004	3.610064e+004	3.280620e+000
3.620063800000006e+004	3.620064e+004	3.289009e+000
3.630063700000006e+004	3.630064e+004	3.297399e+000
3.640063600000006e+004	3.640064e+004	3.305788e+000
3.650063500000007e+004	3.650064e+004	3.314177e+000
3.660063400000007e+004	3.660063e+004	3.322566e+000
3.670063300000007e+004	3.670063e+004	3.330955e+000
3.680063200000008e+004	3.680063e+004	3.339345e+000
3.690063100000008e+004	3.690063e+004	3.347733e+000
3.700063000000009e+004	3.700063e+004	3.356123e+000
3.710062900000009e+004	3.710063e+004	3.364512e+000
3.720062800000009e+004	3.720063e+004	3.372901e+000
3.730062700000010e+004	3.730063e+004	3.381290e+000
3.740062600000010e+004	3.740063e+004	3.389680e+000
3.750062500000010e+004	3.750063e+004	3.398069e+000
3.760062400000011e+004	3.760063e+004	3.406458e+000
3.770062300000011e+004	3.770062e+004	3.414848e+000
3.780062200000011e+004	3.780062e+004	3.423237e+000
3.790062100000012e+004	3.790062e+004	3.431626e+000
3.800062000000012e+004	3.800062e+004	3.440015e+000
3.810061900000012e+004	3.810062e+004	3.448405e+000
3.820061800000013e+004	3.820062e+004	3.456794e+000
3.830061700000013e+004	3.830062e+004	3.465183e+000
3.840061600000013e+004	3.840062e+004	3.473573e+000
3.850061500000014e+004	3.850061e+004	3.481962e+000
3.860061400000014e+004	3.860061e+004	3.490351e+000
3.870061300000014e+004	3.870061e+004	3.498741e+000
3.880061200000015e+004	3.880061e+004	3.507130e+000
3.890061100000015e+004	3.890061e+004	3.515519e+000
3.900061000000015e+004	3.900061e+004	3.523909e+000
3.910060900000016e+004	3.910061e+004	3.532298e+000
3.920060800000016e+004	3.920061e+004	3.540688e+000
3.930060700000016e+004	3.930061e+004	3.549077e+000
3.940060600000017e+004	3.940061e+004	3.557466e+000
3.950060500000017e+004	3.950061e+004	3.565856e+000
3.960060400000017e+004	3.960061e+004	3.574245e+000
3.970060300000018e+004	3.970060e+004	3.582635e+000
3.980060200000018e+004	3.980060e+004	3.591024e+000
3.990060100000018e+004	3.990060e+004	3.599413e+000
4.000060000000019e+004	4.000060e+004	3.607803e+000
4.010059900000019e+004	4.010060e+004	3.616192e+000
4.020059800000020e+004	4.020060e+004	3.624582e+000
4.030059700000020e+004	4.030060e+004	3.632971e+000
4.040059600000020e+004	4.040060e+004	3.641361e+000
4.050059500000021e+004	4.050059e+004	3.649750e+000
4.060059400000021e+004	4.060059e+004	3.658140e+000
4.070059300000021e+004	4.070059e+004	3.666529e+000
4.080059200000022e+004	4.080059e+004	3.674919e+000
4.090059100000022e+004	4.090059e+004	3.683308e+000
4.100059000000022e+004	4.100059e+004	3.691698e+000
4.110058900000023e+004	4.110059e+004	3.700088e+000
4.120058800000023e+004	4.120059e+004	3.708477e+000
4.130058700000023e+004	4.130059e+004	3.716866e+000
4.140058600000024e+004	4.140059e+004	3.725256e+000
4.150058500000024e+004	4.150059e+004	3.733646e+000
4.160058400000024e+004	4.160059e+004	3.742035e+000
4.170058300000025e+004	4.170058e+004	3.750425e+000
4.180058200000025e+004	4.180058e+004	3.758815e+000
4.190058100000025e+004	4.190058e+004	3.767204e+000
4.200058000000026e+004	4.200058e+004	3.775594e+000
4.210057900000026e+004	4.210058e+004	3.783983e+000
4.220057800000026e+004	4.220058e+004	3.792373e+000
4.230057700000027e+004	4.230058e+004	3.800763e+000
4.240057600000027e+004	4.240057e+004	3.809152e+000
4.250057500000027e+004	4.250057e+004	3.817542e+000
4.260057400000028e+004	4.260057e+004	3.825932e+000
4.270057300000028e+004	4.270057e+004	3.834321e+000
4.280057200000028e+004	4.280057e+004	3.842711e+000
4.290057100000029e+004	4.290057e+004	3.851101e+000
4.300057000000029e+004	4.300057e+004	3.859490e+000
4.310056900000029e+004	4.310057e+004	3.867880e+000
4.320056800000030e+004	4.320057e+004	3.876270e+000
4.330056700000030e+004	4.330057e+004	3.884660e+000
4.340056600000030e+004	4.340057e+004	3.893049e+000
4.350056500000031e+004	4.350057e+004	3.901439e+000
4.360056400000031e+004	4.360056e+004	3.909829e+000
4.370056300000032e+004	4.370056e+004	3.918218e+000
4.380056200000032e+004	4.380056e+004	3.926608e+000
4.390056100000032e+004	4.390056e+004	3.934998e+000
4.400056000000033e+004	4.400056e+004	3.943388e+000
4.410055900000033e+004	4.410056e+004	3.951777e+000
4.420055800000033e+004	4.420056e+004	3.960167e+000
4.430055700000034e+004	4.430056e+004	3.968557e+000
4.440055600000034e+004	4.440055e+004	3.976947e+000
4.450055500000034e+004	4.450055e+004	3.985337e+000
4.460055400000035e+004	4.460055e+004	3.993726e+000
4.470055300000035e+004	4.470055e+004	4.002116e+000
4.480055200000035e+004	4.480055e+004	4.010506e+000
4.490055100000036e+004	4.490055e+004	4.018896e+000
4.500055000000036e+004	4.500055e+004	4.027286e+000
4.510054900000036e+004	4.510055e+004	4.035676e+000
4.520054800000037e+004	4.520055e+004	4.044066e+000
4.530054700000037e+004	4.530055e+004	4.052455e+000
4.540054600000037e+004	4.540055e+004	4.060845e+000
4.550054500000038e+004	4.550055e+004	4.069235e+000
4.560054400000038e+004	4.560054e+004	4.077625e+000
4.570054300000038e+004	4.570054e+004	4.086015e+000
4.580054200000039e+004	4.580054e+004	4.094405e+000
4.590054100000039e+004	4.590054e+004	4.102795e+000
4.600054000000039e+004	4.600054e+004	4.111185e+000
4.610053900000040e+004	4.610054e+004	4.119575e+000
4.620053800000040e+004	4.620054e+004	4.127965e+000
4.630053700000040e+004	4.630054e+004	4.136355e+000
4.640053600000041e+004	4.640054e+004	4.144745e+000
4.650053500000041e+004	4.650054e+004	4.153135e+000
4.660053400000041e+004	4.660054e+004	4.161525e+000
4.670053300000042e+004	4.670053e+004	4.169915e+000
4.680053200000042e+004	4.680053e+004	4.178305e+000
4.690053100000043e+004	4.690053e+004	4.186695e+000
4.700053000000043e+004	4.700053e+004	4.195085e+000
4.710052900000043e+004	4.710053e+004	4.203475e+000
4.720052800000044e+004	4.720053e+004	4.211865e+000
4.730052700000044e+004	4.730053e+004	4.220255e+000
4.740052600000044e+004	4.740053e+004	4.228645e+000
4.750052500000045e+004	4.750052e+004	4.237035e+000
4.760052400000045e+004	4.760052e+004	4.245425e+000
4.770052300000045e+004	4.770052e+004	4.253815e+000
4.780052200000046e+004	4.780052e+004	4.262205e+000
4.790052100000046e+004	4.790052e+004	4.270596e+000
4.800052000000046e+004	4.800052e+004	4.278986e+000
4.810051900000047e+004	4.810052e+004	4.287375e+000
4.820051800000047e+004	4.820052e+004	4.295766e+000
4.830051700000047e+004	4.830052e+004	4.304156e+000
4.840051600000048e+004	4.840052e+004	4.312546e+000
4.850051500000048e+004	4.850052e+004	4.320936e+000
4.860051400000048e+004	4.860052e+004	4.329326e+000
4.870051300000049e+004	4.870051e+004	4.337717e+000
4.880051200000049e+004	4.880051e+004	4.346107e+000
4.890051100000049e+004	4.890051e+004	4.354497e+000
4.900051000000050e+004	4.900051e+004	4.362887e+000
4.910050900000050e+004	4.910051e+004	4.371277e+000
4.920050800000050e+004	4.920051e+004	4.379667e+000
4.930050700000051e+004	4.930051e+004	4.388058e+000
4.940050600000051e+004	4.940051e+004	4.396448e+000
4.950050500000051e+004	4.950050e+004	4.404838e+000
4.960050400000052e+004	4.960050e+004	4.413228e+000
4.970050300000052e+004	4.970050e+004	4.421618e+000
4.980050200000052e+004	4.980050e+004	4.430009e+000
4.990050100000053e+004	4.990050e+004	4.438399e+000
5.000050000000053e+004	5.000050e+004	4.446789e+000
5.010049900000054e+004	5.010050e+004	4.455180e+000
5.020049800000054e+004	5.020050e+004	4.463570e+000
5.030049700000054e+004	5.030050e+004	4.471960e+000
5.040049600000055e+004	5.040050e+004	4.480350e+000
5.050049500000055e+004	5.050050e+004	4.488741e+000
5.060049400000055e+004	5.060049e+004	4.497131e+000
5.070049300000056e+004	5.070049e+004	4.505521e+000
5.080049200000056e+004	5.080049e+004	4.513912e+000
5.090049100000056e+004	5.090049e+004	4.522302e+000
5.100049000000057e+004	5.100049e+004	4.530693e+000
5.110048900000057e+004	5.110049e+004	4.539083e+000
5.120048800000057e+004	5.120049e+004	4.547473e+000
5.130048700000058e+004	5.130049e+004	4.555863e+000
5.140048600000058e+004	5.140048e+004	4.564254e+000
5.150048500000058e+004	5.150048e+004	4.572644e+000
5.160048400000059e+004	5.160048e+004	4.581035e+000
5.170048300000059e+004	5.170048e+004	4.589425e+000
5.180048200000059e+004	5.180048e+004	4.597816e+000
5.190048100000060e+004	5.190048e+004	4.606206e+000
5.200048000000060e+004	5.200048e+004	4.614596e+000
5.210047900000060e+004	5.210048e+004	4.622987e+000
5.220047800000061e+004	5.220048e+004	4.631377e+000
5.230047700000061e+004	5.230048e+004	4.639768e+000
5.240047600000061e+004	5.240048e+004	4.648158e+000
5.250047500000062e+004	5.250048e+004	4.656549e+000
5.260047400000062e+004	5.260047e+004	4.664939e+000
5.270047300000062e+004	5.270047e+004	4.673329e+000
5.280047200000063e+004	5.280047e+004	4.681720e+000
5.290047100000063e+004	5.290047e+004	4.690110e+000
5.300047000000063e+004	5.300047e+004	4.698501e+000
5.310046900000064e+004	5.310047e+004	4.706892e+000
5.320046800000064e+004	5.320047e+004	4.715282e+000
5.330046700000064e+004	5.330047e+004	4.723672e+000
5.340046600000065e+004	5.340046e+004	4.732063e+000
5.350046500000065e+004	5.350046e+004	4.740454e+000
5.360046400000066e+004	5.360046e+004	4.748844e+000
5.370046300000066e+004	5.370046e+004	4.757235e+000
5.380046200000066e+004	5.380046e+004	4.765625e+000
5.390046100000067e+004	5.390046e+004	4.774016e+000
5.400046000000067e+004	5.400046e+004	4.782406e+000
5.410045900000067e+004	5.410046e+004	4.790797e+000
5.420045800000068e+004	5.420046e+004	4.799188e+000
5.430045700000068e+004	5.430046e+004	4.807578e+000
5.440045600000068e+004	5.440046e+004	4.815969e+000
5.450045500000069e+004	5.450045e+004	4.824359e+000
5.460045400000069e+004	5.460045e+004	4.832750e+000
5.470045300000069e+004	5.470045e+004	4.841141e+000
5.480045200000070e+004	5.480045e+004	4.849532e+000
5.490045100000070e+004	5.490045e+004	4.857922e+000
5.500045000000070e+004	5.500045e+004	4.866313e+000
5.510044900000071e+004	5.510045e+004	4.874703e+000
5.520044800000071e+004	5.520045e+004	4.883094e+000
5.530044700000071e+004	5.530045e+004	4.891485e+000
5.540044600000072e+004	5.540045e+004	4.899876e+000
5.550044500000072e+004	5.550045e+004	4.908266e+000
5.560044400000072e+004	5.560045e+004	4.916657e+000
5.570044300000073e+004	5.570044e+004	4.925048e+000
5.580044200000073e+004	5.580044e+004	4.933438e+000
5.590044100000073e+004	5.590044e+004	4.941829e+000
5.600044000000074e+004	5.600044e+004	4.950220e+000
5.610043900000074e+004	5.610044e+004	4.958611e+000
5.620043800000074e+004	5.620044e+004	4.967001e+000
5.630043700000075e+004	5.630044e+004	4.975392e+000
5.640043600000075e+004	5.640044e+004	4.983783e+000
5.650043500000075e+004	5.650043e+004	4.992174e+000
5.660043400000076e+004	5.660043e+004	5.000565e+000
5.670043300000076e+004	5.670043e+004	5.008955e+000
5.680043200000077e+004	5.680043e+004	5.017346e+000
5.690043100000077e+004	5.690043e+004	5.025737e+000
5.700043000000077e+004	5.700043e+004	5.034128e+000
5.710042900000078e+004	5.710043e+004	5.042519e+000
5.720042800000078e+004	5.720043e+004	5.050910e+000
5.730042700000078e+004	5.730043e+004	5.059300e+000
5.740042600000079e+004	5.740043e+004	5.067691e+000
5.750042500000079e+004	5.750043e+004	5.076082e+000
5.760042400000079e+004	5.760043e+004	5.084473e+000
5.770042300000080e+004	5.770042e+004	5.092864e+000
5.780042200000080e+004	5.780042e+004	5.101255e+000
5.790042100000080e+004	5.790042e+004	5.109646e+000
5.800042000000081e+004	5.800042e+004	5.118037e+000
5.810041900000081e+004	5.810042e+004	5.126428e+000
5.820041800000081e+004	5.820042e+004	5.134819e+000
5.830041700000082e+004	5.830042e+004	5.143209e+000
5.840041600000082e+004	5.840041e+004	5.151600e+000
5.850041500000082e+004	5.850041e+004	5.159991e+000
5.860041400000083e+004	5.860041e+004	5.168382e+000
5.870041300000083e+004	5.870041e+004	5.176773e+000
5.880041200000083e+004	5.880041e+004	5.185164e+000
5.890041100000084e+004	5.890041e+004	5.193555e+000
5.900041000000084e+004	5.900041e+004	5.201946e+000
5.910040900000084e+004	5.910041e+004	5.210337e+000
5.920040800000085e+004	5.920041e+004	5.218728e+000
5.930040700000085e+004	5.930041e+004	5.227119e+000
5.940040600000085e+004	5.940041e+004	5.235510e+000
5.950040500000086e+004	5.950041e+004	5.243901e+000
5.960040400000086e+004	5.960040e+004	5.252292e+000
5.970040300000086e+004	5.970040e+004	5.260683e+000
5.980040200000087e+004	5.980040e+004	5.269074e+000
5.990040100000087e+004	5.990040e+004	5.277465e+000
6.000040000000088e+004	6.000040e+004	5.285856e+000
6.010039900000088e+004	6.010040e+004	5.294248e+000
6.020039800000088e+004	6.020040e+004	5.302639e+000
6.030039700000089e+004	6.030040e+004	5.311030e+000
6.040039600000089e+004	6.040039e+004	5.319421e+000
6.050039500000089e+004	6.050039e+004	5.327812e+000
6.060039400000090e+004	6.060039e+004	5.336203e+000
6.070039300000090e+004	6.070039e+004	5.344594e+000
6.080039200000090e+004	6.080039e+004	5.352985e+000
6.090039100000091e+004	6.090039e+004	5.361376e+000
6.100039000000091e+004	6.100039e+004	5.369768e+000
6.110038900000091e+004	6.110039e+004	5.378159e+000
6.120038800000092e+004	6.120039e+004	5.386550e+000
6.130038700000092e+004	6.130039e+004	5.394941e+000
6.140038600000092e+004	6.140039e+004	5.403332e+000
6.150038500000093e+004	6.150039e+004	5.411724e+000
6.160038400000093e+004	6.160038e+004	5.420115e+000
6.170038300000093e+004	6.170038e+004	5.428506e+000
6.180038200000094e+004	6.180038e+004	5.436897e+000
6.190038100000094e+004	6.190038e+004	5.445288e+000
6.200038000000094e+004	6.200038e+004	5.453680e+000
6.210037900000095e+004	6.210038e+004	5.462071e+000
6.220037800000095e+004	6.220038e+004	5.470462e+000
6.230037700000095e+004	6.230038e+004	5.478853e+000
6.240037600000096e+004	6.240038e+004	5.487245e+000
6.250037500000096e+004	6.250038e+004	5.495636e+000
6.260037400000096e+004	6.260038e+004	5.504027e+000
6.270037300000097e+004	6.270037e+004	5.512418e+000
6.280037200000097e+004	6.280037e+004	5.520810e+000
6.290037100000097e+004	6.290037e+004	5.529201e+000
6.300037000000098e+004	6.300037e+004	5.537592e+000
6.310036900000098e+004	6.310037e+004	5.545984e+000
6.320036800000098e+004	6.320037e+004	5.554375e+000
6.330036700000099e+004	6.330037e+004	5.562767e+000
6.340036600000099e+004	6.340037e+004	5.571157e+000
6.350036500000100e+004	6.350036e+004	5.579549e+000
6.360036400000100e+004	6.360036e+004	5.587940e+000
6.370036300000100e+004	6.370036e+004	5.596332e+000
6.380036200000101e+004	6.380036e+004	5.604723e+000
6.390036100000101e+004	6.390036e+004	5.613114e+000
6.400036000000101e+004	6.400036e+004	5.621506e+000
6.410035900000102e+004	6.410036e+004	5.629897e+000
6.420035800000102e+004	6.420036e+004	5.638289e+000
6.430035700000102e+004	6.430036e+004	5.646680e+000
6.440035600000103e+004	6.440036e+004	5.655072e+000
6.450035500000103e+004	6.450036e+004	5.663463e+000
6.460035400000103e+004	6.460036e+004	5.671854e+000
6.470035300000104e+004	6.470035e+004	5.680246e+000
6.480035200000104e+004	6.480035e+004	5.688637e+000
6.490035100000104e+004	6.490035e+004	5.697029e+000
6.500035000000105e+004	6.500035e+004	5.705420e+000
6.510034900000105e+004	6.510035e+004	5.713812e+000
6.520034800000105e+004	6.520035e+004	5.722203e+000
6.530034700000106e+004	6.530035e+004	5.730595e+000
6.540034600000106e+004	6.540035e+004	5.738986e+000
6.550034500000106e+004	6.550034e+004	5.747378e+000
6.560034400000106e+004	6.560034e+004	5.755769e+000
6.570034300000106e+004	6.570034e+004	5.764161e+000
6.580034200000105e+004	6.580034e+004	5.772552e+000
6.590034100000105e+004	6.590034e+004	5.780944e+000
6.600034000000104e+004	6.600034e+004	5.789336e+000
6.610033900000104e+004	6.610034e+004	5.797727e+000
6.620033800000104e+004	6.620034e+004	5.806118e+000
6.630033700000103e+004	6.630034e+004	5.814510e+000
6.640033600000103e+004	6.640034e+004	5.822902e+000
6.650033500000103e+004	6.650034e+004	5.831294e+000
6.660033400000102e+004	6.660034e+004	5.839685e+000
6.670033300000102e+004	6.670034e+004	5.848077e+000
6.680033200000101e+004	6.680033e+004	5.856468e+000
6.690033100000101e+004	6.690033e+004	5.864860e+000
6.700033000000101e+004	6.700033e+004	5.873251e+000
6.710032900000100e+004	6.710033e+004	5.881643e+000
6.720032800000100e+004	6.720033e+004	5.890035e+000
6.730032700000099e+004	6.730033e+004	5.898427e+000
6.740032600000099e+004	6.740033e+004	5.906818e+000
6.750032500000099e+004	6.750033e+004	5.915210e+000
6.760032400000098e+004	6.760032e+004	5.923602e+000
6.770032300000098e+004	6.770032e+004	5.931993e+000
6.780032200000098e+004	6.780032e+004	5.940385e+000
6.790032100000097e+004	6.790032e+004	5.948777e+000
6.800032000000097e+004	6.800032e+004	5.957168e+000
6.810031900000096e+004	6.810032e+004	5.965560e+000
6.820031800000096e+004	6.820032e+004	5.973952e+000
6.830031700000096e+004	6.830032e+004	5.982344e+000
6.840031600000095e+004	6.840031e+004	5.990735e+000
6.850031500000095e+004	6.850031e+004	5.999127e+000
6.860031400000094e+004	6.860031e+004	6.007519e+000
6.870031300000094e+004	6.870031e+004	6.015911e+000
6.880031200000094e+004	6.880031e+004	6.024302e+000
6.890031100000093e+004	6.890031e+004	6.032694e+000
6.900031000000093e+004	6.900031e+004	6.041086e+000
6.910030900000093e+004	6.910031e+004	6.049478e+000
6.920030800000092e+004	6.920030e+004	6.057869e+000
6.930030700000092e+004	6.930030e+004	6.066261e+000
6.940030600000091e+004	6.940030e+004	6.074653e+000
6.950030500000091e+004	6.950030e+004	6.083045e+000
6.960030400000091e+004	6.960030e+004	6.091437e+000
6.970030300000090e+004	6.970030e+004	6.099829e+000
6.980030200000090e+004	6.980030e+004	6.108221e+000
6.990030100000089e+004	6.990030e+004	6.116612e+000
7.000030000000089e+004	7.000030e+004	6.125004e+000
7.010029900000089e+004	7.010030e+004	6.133396e+000
7.020029800000088e+004	7.020030e+004	6.141788e+000
7.030029700000088e+004	7.030030e+004	6.150180e+000
7.040029600000088e+004	7.040030e+004	6.158572e+000
7.050029500000087e+004	7.050030e+004	6.166964e+000
7.060029400000087e+004	7.060030e+004	6.175356e+000
7.070029300000086e+004	7.070030e+004	6.183748e+000
7.080029200000086e+004	7.080029e+004	6.192140e+000
7.090029100000086e+004	7.090029e+004	6.200531e+000
7.100029000000085e+004	7.100029e+004	6.208923e+000
7.110028900000085e+004	7.110029e+004	6.217316e+000
7.120028800000084e+004	7.120029e+004	6.225708e+000
7.130028700000084e+004	7.130029e+004	6.234099e+000
7.140028600000084e+004	7.140029e+004	6.242491e+000
7.150028500000083e+004	7.150028e+004	6.250884e+000
7.160028400000083e+004	7.160028e+004	6.259275e+000
7.170028300000083e+004	7.170028e+004	6.267667e+000
7.180028200000082e+004	7.180028e+004	6.276060e+000
7.190028100000082e+004	7.190028e+004	6.284451e+000
7.200028000000081e+004	7.200028e+004	6.292843e+000
7.210027900000081e+004	7.210028e+004	6.301236e+000
7.220027800000081e+004	7.220028e+004	6.309628e+000
7.230027700000080e+004	7.230027e+004	6.318020e+000
7.240027600000080e+004	7.240027e+004	6.326412e+000
7.250027500000080e+004	7.250027e+004	6.334804e+000
7.260027400000079e+004	7.260027e+004	6.343196e+000
7.270027300000079e+004	7.270027e+004	6.351588e+000
7.280027200000078e+004	7.280027e+004	6.359980e+000
7.290027100000078e+004	7.290027e+004	6.368372e+000
7.300027000000078e+004	7.300027e+004	6.376764e+000
7.310026900000077e+004	7.310027e+004	6.385157e+000
7.320026800000077e+004	7.320027e+004	6.393548e+000
7.330026700000076e+004	7.330027e+004	6.401941e+000
7.340026600000076e+004	7.340027e+004	6.410333e+000
7.350026500000076e+004	7.350027e+004	6.418725e+000
7.360026400000075e+004	7.360027e+004	6.427117e+000
7.370026300000075e+004	7.370027e+004	6.435510e+000
7.380026200000075e+004	7.380027e+004	6.443902e+000
7.390026100000074e+004	7.390026e+004	6.452294e+000
7.400026000000074e+004	7.400026e+004	6.460686e+000
7.410025900000073e+004	7.410026e+004	6.469078e+000
7.420025800000073e+004	7.420026e+004	6.477470e+000
7.430025700000073e+004	7.430026e+004	6.485863e+000
7.440025600000072e+004	7.440026e+004	6.494255e+000
7.450025500000072e+004	7.450026e+004	6.502647e+000
7.460025400000071e+004	7.460026e+004	6.511039e+000
7.470025300000071e+004	7.470025e+004	6.519432e+000
7.480025200000071e+004	7.480025e+004	6.527824e+000
7.490025100000070e+004	7.490025e+004	6.536216e+000
7.500025000000070e+004	7.500025e+004	6.544609e+000
7.510024900000070e+004	7.510025e+004	6.553001e+000
7.520024800000069e+004	7.520025e+004	6.561393e+000
7.530024700000069e+004	7.530025e+004	6.569785e+000
7.540024600000068e+004	7.540024e+004	6.578177e+000
7.550024500000068e+004	7.550024e+004	6.586570e+000
7.560024400000068e+004	7.560024e+004	6.594962e+000
7.570024300000067e+004	7.570024e+004	6.603354e+000
7.580024200000067e+004	7.580024e+004	6.611747e+000
7.590024100000066e+004	7.590024e+004	6.620139e+000
7.600024000000066e+004	7.600024e+004	6.628532e+000
7.610023900000066e+004	7.610024e+004	6.636924e+000
7.620023800000065e+004	7.620023e+004	6.645317e+000
7.630023700000065e+004	7.630023e+004	6.653709e+000
7.640023600000065e+004	7.640023e+004	6.662101e+000
7.650023500000064e+004	7.650023e+004	6.670494e+000
7.660023400000064e+004	7.660023e+004	6.678886e+000
7.670023300000063e+004	7.670023e+004	6.687278e+000
7.680023200000063e+004	7.680023e+004	6.695671e+000
7.690023100000063e+004	7.690023e+004	6.704063e+000
7.700023000000062e+004	7.700023e+004	6.712456e+000
7.710022900000062e+004	7.710023e+004	6.720848e+000
7.720022800000061e+004	7.720023e+004	6.729241e+000
7.730022700000061e+004	7.730023e+004	6.737633e+000
7.740022600000061e+004	7.740023e+004	6.746026e+000
7.750022500000060e+004	7.750023e+004	6.754418e+000
7.760022400000060e+004	7.760023e+004	6.762811e+000
7.770022300000060e+004	7.770023e+004	6.771203e+000
7.780022200000059e+004	7.780022e+004	6.779595e+000
7.790022100000059e+004	7.790022e+004	6.787988e+000
7.800022000000058e+004	7.800022e+004	6.796381e+000
7.810021900000058e+004	7.810022e+004	6.804773e+000
7.820021800000058e+004	7.820022e+004	6.813166e+000
7.830021700000057e+004	7.830022e+004	6.821558e+000
7.840021600000057e+004	7.840022e+004	6.829951e+000
7.850021500000056e+004	7.850022e+004	6.838343e+000
7.860021400000056e+004	7.860021e+004	6.846736e+000
7.870021300000056e+004	7.870021e+004	6.855128e+000
7.880021200000055e+004	7.880021e+004	6.863521e+000
7.890021100000055e+004	7.890021e+004	6.871913e+000
7.900021000000055e+004	7.900021e+004	6.880306e+000
7.910020900000054e+004	7.910021e+004	6.888699e+000
7.920020800000054e+004	7.920021e+004	6.897091e+000
7.930020700000053e+004	7.930020e+004	6.905484e+000
7.940020600000053e+004	7.940020e+004	6.913877e+000
7.950020500000053e+004	7.950020e+004	6.922269e+000
7.960020400000052e+004	7.960020e+004	6.930662e+000
7.970020300000052e+004	7.970020e+004	6.939054e+000
7.980020200000051e+004	7.980020e+004	6.947447e+000
7.990020100000051e+004	7.990020e+004	6.955840e+000
8.000020000000051e+004	8.000020e+004	6.964233e+000
8.010019900000050e+004	8.010020e+004	6.972625e+000
8.020019800000050e+004	8.020020e+004	6.981018e+000
8.030019700000050e+004	8.030020e+004	6.989411e+000
8.040019600000049e+004	8.040020e+004	6.997804e+000
8.050019500000049e+004	8.050020e+004	7.006196e+000
8.060019400000048e+004	8.060020e+004	7.014589e+000
8.070019300000048e+004	8.070020e+004	7.022982e+000
8.080019200000048e+004	8.080020e+004	7.031374e+000
8.090019100000047e+004	8.090019e+004	7.039767e+000
8.100019000000047e+004	8.100019e+004	7.048160e+000
8.110018900000046e+004	8.110019e+004	7.056553e+000
8.120018800000046e+004	8.120019e+004	7.064946e+000
8.130018700000046e+004	8.130019e+004	7.073339e+000
8.140018600000045e+004	8.140019e+004	7.081731e+000
8.150018500000045e+004	8.150019e+004	7.090124e+000
8.160018400000045e+004	8.160019e+004	7.098517e+000
8.170018300000044e+004	8.170018e+004	7.106910e+000
8.180018200000044e+004	8.180018e+004	7.115303e+000
8.190018100000043e+004	8.190018e+004	7.123695e+000
8.200018000000043e+004	8.200018e+004	7.132088e+000
8.210017900000043e+004	8.210018e+004	7.140481e+000
8.220017800000042e+004	8.220018e+004	7.148874e+000
8.230017700000042e+004	8.230018e+004	7.157267e+000
8.240017600000041e+004	8.240018e+004	7.165659e+000
8.250017500000041e+004	8.250017e+004	7.174052e+000
8.260017400000041e+004	8.260017e+004	7.182445e+000
8.270017300000040e+004	8.270017e+004	7.190838e+000
8.280017200000040e+004	8.280017e+004	7.199231e+000
8.290017100000040e+004	8.290017e+004	7.207624e+000
8.300017000000039e+004	8.300017e+004	7.216017e+000
8.310016900000039e+004	8.310017e+004	7.224410e+000
8.320016800000038e+004	8.320017e+004	7.232803e+000
8.330016700000038e+004	8.330016e+004	7.241196e+000
8.340016600000038e+004	8.340016e+004	7.249588e+000
8.350016500000037e+004	8.350016e+004	7.257982e+000
8.360016400000037e+004	8.360016e+004	7.266375e+000
8.370016300000036e+004	8.370016e+004	7.274767e+000
8.380016200000036e+004	8.380016e+004	7.283161e+000
8.390016100000036e+004	8.390016e+004	7.291553e+000
8.400016000000035e+004	8.400016e+004	7.299947e+000
8.410015900000035e+004	8.410016e+004	7.308340e+000
8.420015800000035e+004	8.420016e+004	7.316732e+000
8.430015700000034e+004	8.430016e+004	7.325126e+000
8.440015600000034e+004	8.440016e+004	7.333519e+000
8.450015500000033e+004	8.450016e+004	7.341912e+000
8.460015400000033e+004	8.460016e+004	7.350305e+000
8.470015300000033e+004	8.470016e+004	7.358698e+000
8.480015200000032e+004	8.480015e+004	7.367091e+000
8.490015100000032e+004	8.490015e+004	7.375484e+000
8.500015000000031e+004	8.500015e+004	7.383877e+000
8.510014900000031e+004	8.510015e+004	7.392270e+000
8.520014800000031e+004	8.520015e+004	7.400663e+000
8.530014700000030e+004	8.530015e+004	7.409056e+000
8.540014600000030e+004	8.540015e+004	7.417449e+000
8.550014500000030e+004	8.550015e+004	7.425843e+000
8.560014400000029e+004	8.560014e+004	7.434236e+000
8.570014300000029e+004	8.570014e+004	7.442629e+000
8.580014200000028e+004	8.580014e+004	7.451022e+000
8.590014100000028e+004	8.590014e+004	7.459415e+000
8.600014000000028e+004	8.600014e+004	7.467808e+000
8.610013900000027e+004	8.610014e+004	7.476202e+000
8.620013800000027e+004	8.620014e+004	7.484595e+000
8.630013700000026e+004	8.630014e+004	7.492988e+000
8.640013600000026e+004	8.640013e+004	7.501381e+000
8.650013500000026e+004	8.650013e+004	7.509774e+000
8.660013400000025e+004	8.660013e+004	7.518167e+000
8.670013300000025e+004	8.670013e+004	7.526561e+000
8.680013200000025e+004	8.680013e+004	7.534954e+000
8.690013100000024e+004	8.690013e+004	7.543347e+000
8.700013000000024e+004	8.700013e+004	7.551741e+000
8.710012900000023e+004	8.710013e+004	7.560134e+000
8.720012800000023e+004	8.720013e+004	7.568527e+000
8.730012700000023e+004	8.730013e+004	7.576920e+000
8.740012600000022e+004	8.740013e+004	7.585313e+000
8.750012500000022e+004	8.750013e+004	7.593707e+000
8.760012400000021e+004	8.760013e+004	7.602100e+000
8.770012300000021e+004	8.770013e+004	7.610493e+000
8.780012200000021e+004	8.780013e+004	7.618886e+000
8.790012100000020e+004	8.790012e+004	7.627280e+000
8.800012000000020e+004	8.800012e+004	7.635674e+000
8.810011900000020e+004	8.810012e+004	7.644067e+000
8.820011800000019e+004	8.820012e+004	7.652460e+000
8.830011700000019e+004	8.830012e+004	7.660853e+000
8.840011600000018e+004	8.840012e+004	7.669247e+000
8.850011500000018e+004	8.850012e+004	7.677640e+000
8.860011400000018e+004	8.860012e+004	7.686033e+000
8.870011300000017e+004	8.870011e+004	7.694427e+000
8.880011200000017e+004	8.880011e+004	7.702820e+000
8.890011100000016e+004	8.890011e+004	7.711214e+000
8.900011000000016e+004	8.900011e+004	7.719607e+000
8.910010900000016e+004	8.910011e+004	7.728001e+000
8.920010800000015e+004	8.920011e+004	7.736394e+000
8.930010700000015e+004	8.930011e+004	7.744787e+000
8.940010600000015e+004	8.940011e+004	7.753181e+000
8.950010500000014e+004	8.950010e+004	7.761574e+000
8.960010400000014e+004	8.960010e+004	7.769968e+000
8.970010300000013e+004	8.970010e+004	7.778361e+000
8.980010200000013e+004	8.980010e+004	7.786755e+000
8.990010100000013e+004	8.990010e+004	7.795148e+000
9.000010000000012e+004	9.000010e+004	7.803542e+000
9.010009900000012e+004	9.010010e+004	7.811935e+000
9.020009800000012e+004	9.020010e+004	7.820329e+000
9.030009700000011e+004	9.030009e+004	7.828722e+000
9.040009600000011e+004	9.040009e+004	7.837116e+000
9.050009500000010e+004	9.050009e+004	7.845509e+000
9.060009400000010e+004	9.060009e+004	7.853903e+000
9.070009300000010e+004	9.070009e+004	7.862296e+000
9.080009200000009e+004	9.080009e+004	7.870690e+000
9.090009100000009e+004	9.090009e+004	7.879083e+000
9.100009000000008e+004	9.100009e+004	7.887477e+000
9.110008900000008e+004	9.110009e+004	7.895870e+000
9.120008800000008e+004	9.120009e+004	7.904264e+000
9.130008700000007e+004	9.130009e+004	7.912658e+000
9.140008600000007e+004	9.140009e+004	7.921051e+000
9.150008500000007e+004	9.150009e+004	7.929445e+000
9.160008400000006e+004	9.160009e+004	7.937839e+000
9.170008300000006e+004	9.170009e+004	7.946232e+000
9.180008200000005e+004	9.180008e+004	7.954626e+000
9.190008100000005e+004	9.190008e+004	7.963019e+000
9.200008000000005e+004	9.200008e+004	7.971413e+000
9.210007900000004e+004	9.210008e+004	7.979806e+000
9.220007800000004e+004	9.220008e+004	7.988200e+000
9.230007700000003e+004	9.230008e+004	7.996594e+000
9.240007600000003e+004	9.240008e+004	8.004988e+000
9.250007500000003e+004	9.250008e+004	8.013381e+000
9.260007400000002e+004	9.260007e+004	8.021775e+000
9.270007300000002e+004	9.270007e+004	8.030169e+000
9.280007200000002e+004	9.280007e+004	8.038563e+000
9.290007100000001e+004	9.290007e+004	8.046956e+000
9.300007000000001e+004	9.300007e+004	8.055349e+000
9.310006900000000e+004	9.310007e+004	8.063744e+000
9.320006800000000e+004	9.320007e+004	8.072137e+000
9.330006700000000e+004	9.330007e+004	8.080531e+000
9.340006599999999e+004	9.340006e+004	8.088924e+000
9.350006499999999e+004	9.350006e+004	8.097319e+000
9.360006399999998e+004	9.360006e+004	8.105712e+000
9.370006299999998e+004	9.370006e+004	8.114106e+000
9.380006199999998e+004	9.380006e+004	8.122499e+000
9.390006099999997e+004	9.390006e+004	8.130894e+000
9.400005999999997e+004	9.400006e+004	8.139288e+000
9.410005899999997e+004	9.410006e+004	8.147681e+000
9.420005799999996e+004	9.420005e+004	8.156075e+000
9.430005699999996e+004	9.430005e+004	8.164469e+000
9.440005599999995e+004	9.440005e+004	8.172863e+000
9.450005499999995e+004	9.450005e+004	8.181256e+000
9.460005399999995e+004	9.460005e+004	8.189651e+000
9.470005299999994e+004	9.470005e+004	8.198045e+000
9.480005199999994e+004	9.480005e+004	8.206438e+000
9.490005099999993e+004	9.490005e+004	8.214832e+000
9.500004999999993e+004	9.500005e+004	8.223226e+000
9.510004899999993e+004	9.510005e+004	8.231620e+000
9.520004799999992e+004	9.520005e+004	8.240014e+000
9.530004699999992e+004	9.530005e+004	8.248407e+000
9.540004599999992e+004	9.540005e+004	8.256802e+000
9.550004499999991e+004	9.550005e+004	8.265196e+000
9.560004399999991e+004	9.560005e+004	8.273589e+000
9.570004299999990e+004	9.570005e+004	8.281983e+000
9.580004199999990e+004	9.580004e+004	8.290378e+000
9.590004099999990e+004	9.590004e+004	8.298771e+000
9.600003999999989e+004	9.600004e+004	8.307165e+000
9.610003899999989e+004	9.610004e+004	8.315559e+000
9.620003799999988e+004	9.620004e+004	8.323954e+000
9.630003699999988e+004	9.630004e+004	8.332347e+000
9.640003599999988e+004	9.640004e+004	8.340741e+000
9.650003499999987e+004	9.650003e+004	8.349135e+000
9.660003399999987e+004	9.660003e+004	8.357530e+000
9.670003299999987e+004	9.670003e+004	8.365923e+000
9.680003199999986e+004	9.680003e+004	8.374317e+000
9.690003099999986e+004	9.690003e+004	8.382711e+000
9.700002999999985e+004	9.700003e+004	8.391106e+000
9.710002899999985e+004	9.710003e+004	8.399500e+000
9.720002799999985e+004	9.720003e+004	8.407893e+000
9.730002699999984e+004	9.730002e+004	8.416287e+000
9.740002599999984e+004	9.740002e+004	8.424682e+000
9.750002499999983e+004	9.750002e+004	8.433076e+000
9.760002399999983e+004	9.760002e+004	8.441470e+000
9.770002299999983e+004	9.770002e+004	8.449864e+000
9.780002199999982e+004	9.780002e+004	8.458258e+000
9.790002099999982e+004	9.790002e+004	8.466652e+000
9.800001999999982e+004	9.800002e+004	8.475046e+000
9.810001899999981e+004	9.810002e+004	8.483440e+000
9.820001799999981e+004	9.820002e+004	8.491835e+000
9.830001699999980e+004	9.830002e+004	8.500229e+000
9.840001599999980e+004	9.840002e+004	8.508623e+000
9.850001499999980e+004	9.850002e+004	8.517017e+000
9.860001399999979e+004	9.860002e+004	8.525412e+000
9.870001299999979e+004	9.870002e+004	8.533806e+000
9.880001199999978e+004	9.880002e+004	8.542200e+000
9.890001099999978e+004	9.890001e+004	8.550593e+000
9.900000999999978e+004	9.900001e+004	8.558988e+000
9.910000899999977e+004	9.910001e+004	8.567382e+000
9.920000799999977e+004	9.920001e+004	8.575776e+000
9.930000699999977e+004	9.930001e+004	8.584170e+000
9.940000599999976e+004	9.940001e+004	8.592565e+000
9.950000499999976e+004	9.950001e+004	8.600959e+000
9.960000399999975e+004	9.960001e+004	8.609353e+000
9.970000299999975e+004	9.970000e+004	8.617747e+000
9.980000199999975e+004	9.980000e+004	8.626142e+000
9.990000099999974e+004	9.990000e+004	8.634536e+000
1.000000000000000e+005	1.000000e+005	1.#QNAN0e+000
